generation,N_shifts,logPrior,logLik,eventRate,acceptRate
0,0,0.115714,-49179.2,1,1
500,0,0.699696,-48502.5,0.409597,0.332
1000,0,0.576041,-48498,0.530365,0.282717
1500,0,0.950577,-48499.4,0.155706,0.284
2000,0,0.212524,-48498.8,0.894827,0.294
2500,1,-3.74914,-48476.5,1.85735,0.338
3000,1,-0.687478,-48479.9,1.25215,0.323
3500,1,-0.858962,-48479.1,0.938825,0.416
4000,2,-3.79533,-48479.3,0.99412,0.376156
4500,1,-1.6607,-48478.8,0.854399,0.444
5000,1,-0.340599,-48476.4,0.745781,0.396333
5500,1,-2.56883,-48477.1,2.05303,0.416
6000,1,-1.49746,-48474.2,0.693895,0.395
6500,1,-1.66656,-48481.9,0.472089,0.37
7000,1,-0.0845126,-48480.7,0.454624,0.419
7500,1,-3.08223,-48476.9,0.197056,0.404
8000,2,-2.07843,-48476.8,1.85056,0.3935
8500,1,0.118737,-48475.8,0.429353,0.446
9000,1,-1.21276,-48476.5,0.397464,0.43
9500,1,0.754363,-48475.7,0.299255,0.382
10000,1,-4.66319,-48477.2,1.51658,0.408359
10500,1,-3.05801,-48477.7,0.597603,0.426
11000,1,-0.473577,-48476.1,0.65948,0.42
11500,1,-3.10264,-48479.3,2.44368,0.412
12000,1,0.219307,-48479.4,0.809814,0.434
12500,1,-0.338962,-48484.2,1.37533,0.404
13000,1,-4.82847,-48478.5,2.09264,0.396
13500,1,-1.88625,-48479.1,0.917055,0.478
14000,1,-4.59085,-48482.4,0.528244,0.449
14500,1,-0.164411,-48479.4,0.618044,0.384
15000,1,-1.02293,-48475.2,0.476774,0.401833
15500,1,0.10165,-48475.9,0.276503,0.364
16000,1,-3.84259,-48480.1,0.538092,0.4
16500,1,-0.674691,-48478,0.961141,0.35
17000,1,-0.399164,-48478.5,0.168249,0.371
17500,1,-1.67474,-48478.3,1.59014,0.402
18000,1,-4.03911,-48476.3,0.32027,0.421545
18500,1,-1.37676,-48479.8,0.826715,0.402
19000,1,-3.39123,-48477.9,1.07021,0.414
19500,1,-1.23589,-48470.6,1.3078,0.43
20000,1,-0.423287,-48471.3,0.539366,0.4185
20500,1,-0.465352,-48469,0.592292,0.378
21000,4,-0.771974,-48440.2,0.748696,0.412
21500,3,-5.68979,-48440.2,2.49833,0.438
22000,3,-2.52748,-48436,1.82325,0.397
22500,3,-2.99677,-48436.3,0.851,0.438
23000,4,-1.56503,-48439.1,1.13614,0.400833
23500,4,-1.63212,-48440.5,2.00212,0.324
24000,4,-5.08901,-48441.4,3.51993,0.347
24500,4,-4.95615,-48438.5,3.04914,0.38
25000,2,-2.74402,-48453.1,1.73259,0.397182
25500,2,-1.95155,-48454.1,1.40368,0.34
26000,2,-2.00044,-48442.7,1.1372,0.381667
26500,2,-1.62622,-48444.8,1.65113,0.272
27000,4,-1.2395,-48436.2,2.32221,0.382
27500,5,-2.56322,-48437,1.83136,0.34
28000,5,-3.74247,-48435.7,2.87764,0.373
28500,4,-5.05832,-48435.8,4.57081,0.376
29000,5,-3.04065,-48435.9,2.9138,0.393
29500,7,-2.90646,-48444.2,3.47111,0.42
30000,2,-2.5414,-48450.4,0.663011,0.34175
30500,2,-3.92079,-48448.8,0.9261,0.376
31000,2,-1.4442,-48450.1,0.93608,0.381
31500,3,-4.22253,-48449.5,2.98519,0.366
32000,4,-0.659342,-48436.6,1.11269,0.406667
32500,4,-5.24759,-48436.5,4.49685,0.402
33000,4,0.0608489,-48431.2,1.09637,0.397
33500,4,-3.58138,-48425.9,3.04399,0.328
34000,4,-1.48882,-48429.2,2.48482,0.318
34500,4,-4.35552,-48432.3,3.66205,0.292
35000,4,-7.47812,-48382.6,1.98418,0.279
35500,4,-9.53718,-48349,5.19908,0.338
36000,4,-8.12242,-48353.2,1.62009,0.327
36500,4,-8.74746,-48347,1.88558,0.372
37000,4,-13.5432,-48331.9,2.76741,0.334
37500,4,-11.5323,-48336.7,1.29407,0.314
38000,4,-11.4415,-48327.6,2.309,0.303
38500,5,-8.72782,-48324.1,3.4693,0.342
39000,5,-8.3812,-48318.8,2.93799,0.343
39500,4,-10.6719,-48314.1,1.74871,0.366
40000,4,-12.2409,-48320.5,2.84344,0.349
40500,4,-11.8579,-48318.4,0.9576,0.314
41000,5,-13.446,-48317.4,2.76682,0.335
41500,5,-17.3156,-48314.8,4.43285,0.408
42000,5,-12.983,-48289.4,2.78799,0.389
42500,4,-14.7482,-48275.2,2.39368,0.356
43000,4,-10.6366,-48275.1,2.32718,0.37
43500,4,-8.5991,-48282.3,1.86618,0.374
44000,4,-7.13248,-48277.6,0.821966,0.359
44500,4,-13.0294,-48273.5,2.27047,0.378
45000,6,-11.4462,-48275.7,2.75885,0.379
45500,4,-11.4801,-48270.7,1.35696,0.404
46000,4,-7.50006,-48276.9,1.42559,0.397
46500,4,-12.4149,-48274.4,3.38519,0.342
47000,4,-11.1549,-48272.7,3.09649,0.345
47500,4,-8.57352,-48275.8,3.17125,0.436
48000,4,-12.141,-48270.7,2.94059,0.416
48500,4,-10.0654,-48276.1,2.08863,0.372
49000,5,-8.91121,-48282.4,3.05675,0.355
49500,4,-12.2996,-48278,2.42879,0.348
50000,4,-12.2788,-48270.8,2.05487,0.318
50500,4,-10.1419,-48275.8,2.33425,0.304
51000,4,-21.9881,-48271.9,3.05392,0.318
51500,5,-11.6606,-48273.9,2.03909,0.342
52000,4,-10.483,-48278.2,2.50067,0.366
52500,4,-19.3696,-48274.2,3.60934,0.372
53000,6,-15.1363,-48258.3,2.626,0.402
53500,6,-16.803,-48261.6,3.12762,0.41
54000,6,-12.2553,-48267.1,3.49295,0.416
54500,6,-17.2561,-48255.8,3.27399,0.412
55000,7,-10.463,-48229.1,4.12403,0.384
55500,6,-11.6039,-48222.8,5.07444,0.336
56000,6,-15.3514,-48223.9,3.4898,0.353
56500,6,-12.9935,-48233.3,6.48054,0.358
57000,7,-16.8468,-48222.2,2.47996,0.37
57500,7,-14.2376,-48222.2,4.8658,0.384
58000,7,-16.8544,-48212.8,3.6694,0.361
58500,7,-21.8531,-48212.7,4.92421,0.36
59000,8,-10.4597,-48206.2,5.92908,0.342
59500,8,-6.97438,-48200.7,4.08386,0.366
60000,8,-15.4842,-48192.3,4.25308,0.391
60500,7,-18.1353,-48195.4,5.34156,0.386
61000,6,-13.3421,-48195.4,1.92709,0.371
61500,6,-11.8331,-48196.6,2.01652,0.378
62000,5,-4.78991,-48355,2.55199,0.366625
62500,7,-6.16554,-48362.3,1.85439,0.3
63000,8,-15.3097,-48191.3,4.65399,0.3565
63500,8,-12.9948,-48187.8,3.33974,0.324
64000,7,-14.3438,-48185.7,2.82228,0.331
64500,6,-12.5266,-48186.1,4.45234,0.336
65000,6,-12.7413,-48184.1,2.41182,0.321
65500,6,-21.2869,-48187.3,6.15122,0.296
66000,7,-11.5627,-48192.4,1.63594,0.316
66500,6,-18.5107,-48181,3.08617,0.33
67000,6,-8.32785,-48188.2,2.65484,0.33
67500,6,-13.0062,-48185,1.28273,0.324
68000,6,-14.3472,-48189.1,3.72326,0.333
68500,7,-13.9886,-48196.1,5.85229,0.328
69000,8,-17.0196,-48187.2,5.58046,0.347
69500,6,-10.8665,-48190.9,1.85243,0.406
70000,6,-10.3164,-48184.6,3.15161,0.38
70500,7,-14.1209,-48184,4.12101,0.35
71000,9,-13.8513,-48188.4,5.35722,0.354
71500,8,-13.4427,-48190.3,7.66576,0.338
72000,8,-12.0602,-48195.4,5.86389,0.342
72500,8,-21.4248,-48183.6,4.60408,0.35
73000,7,-11.1422,-48183.4,4.56074,0.353
73500,7,-6.75466,-48190.7,3.89221,0.354
74000,7,-6.0648,-48190.9,3.42547,0.341
74500,7,-11.944,-48166.7,2.91032,0.286
75000,7,-12.8714,-48166.9,2.96137,0.28
75500,7,-12.3951,-48164.8,6.14367,0.304
76000,7,-11.0092,-48160.8,3.05362,0.301
76500,8,-18.0947,-48161.4,6.02172,0.33
77000,8,-12.7242,-48163.2,3.15895,0.324
77500,7,-14.7854,-48165.6,3.3738,0.276
78000,6,-3.14668,-48045.9,3.71181,0.30875
78500,7,-4.16566,-47975.2,5.06482,0.308
79000,7,-6.9717,-47973.3,3.42971,0.29
79500,7,-2.48642,-47967.9,3.26516,0.256
80000,7,-3.40125,-47960,4.90892,0.299
80500,7,-2.82046,-47961.4,1.87876,0.328
81000,6,-0.97902,-47959.7,2.73171,0.313
81500,6,-0.977392,-47956.8,2.10881,0.27
82000,6,-0.803068,-47966.5,2.58412,0.274
82500,6,-3.59236,-47961.9,3.35443,0.282
83000,6,-2.87752,-47958.4,3.61736,0.294
83500,6,-0.534563,-47958.2,2.83793,0.274
84000,6,-1.16856,-47961.5,2.56929,0.293
84500,6,-3.83165,-47961.9,3.28206,0.264
85000,6,-2.74724,-47941.4,3.93275,0.297
85500,6,-3.59323,-47927.2,4.11965,0.344
86000,6,-7.44285,-47927.5,5.82142,0.321
86500,6,-2.92535,-47922.8,2.44225,0.316
87000,6,-5.82882,-47921.2,6.80503,0.29
87500,6,-6.89161,-47905.7,3.74807,0.288
88000,6,-5.72488,-47904.7,2.6397,0.277
88500,6,-4.35344,-47902.4,2.64114,0.292
89000,6,-8.30397,-47902.6,4.78638,0.292
89500,6,-6.79549,-47899.7,2.67784,0.312
90000,7,-11.9053,-47905.7,4.14256,0.307
90500,6,-6.40582,-47908,1.82377,0.254
91000,6,-10.3487,-47906.3,2.62278,0.257
91500,6,-5.54554,-47906.3,2.10974,0.244
92000,6,-5.82568,-47907.8,1.78822,0.272
92500,6,-11.8277,-47903.9,4.36338,0.284
93000,6,-7.5692,-47908.2,2.16737,0.284
93500,6,-9.6537,-47900.8,4.85939,0.258
94000,6,-4.81395,-47908.6,1.69274,0.248
94500,6,-5.98154,-47901.4,2.45922,0.29
95000,6,-6.27108,-47904.2,1.59883,0.285
95500,6,-5.83136,-47900,2.01531,0.25
96000,6,-6.1975,-47908.1,3.23938,0.257
96500,6,-12.4151,-47902.3,3.33228,0.282
97000,6,-8.00466,-47905.3,2.73022,0.276
97500,6,-10.8687,-47904.7,2.89422,0.284
98000,6,-10.6232,-47900.6,3.09179,0.273
98500,6,-8.7411,-47900.3,3.91657,0.274
99000,6,-7.94514,-47896.3,3.53268,0.27
99500,8,-13.6578,-47898.9,5.49586,0.28
100000,7,-11.7349,-48125.8,4.75719,0.309087
100500,7,-17.1929,-48120,4.60838,0.298
101000,7,-5.34211,-47903.1,3.1554,0.2815
101500,7,-8.96294,-47907.6,4.12177,0.344
102000,6,-8.24698,-47909.9,3.19921,0.343
102500,6,-3.28919,-47907.1,2.95354,0.284
103000,6,-5.97091,-47909.7,3.24361,0.289
103500,7,-6.52725,-47906.7,3.55904,0.296
104000,6,-6.60547,-47906.8,4.48678,0.309
104500,7,-6.58538,-47902.6,3.26777,0.338
105000,6,-6.34384,-47901.2,3.29199,0.317
105500,6,-9.69628,-47904.3,3.26955,0.238
106000,6,-12.9586,-47901.6,1.96762,0.26
106500,6,-6.09726,-47902.6,2.79831,0.248
107000,6,-13.4414,-47906.2,4.59664,0.259
107500,6,-7.06403,-47911.4,4.93223,0.25
108000,6,-6.94898,-47903.3,3.3604,0.259
108500,7,-8.6795,-47903.9,5.21818,0.28
109000,6,-6.61183,-47905.2,3.93493,0.291
109500,6,-4.72974,-47904.3,2.33863,0.29
110000,7,-11.5142,-47905.8,6.25746,0.293
110500,6,-8.73429,-47900.5,3.65609,0.342
111000,7,-10.4457,-47897.7,4.30973,0.332
111500,6,-8.90332,-47898.8,2.96693,0.312
112000,6,-15.1665,-47895.8,7.00162,0.29
112500,6,-11.5122,-47896.6,3.99386,0.272
113000,6,-9.88132,-47895,4.19601,0.288
113500,6,-10.4619,-47895.5,3.763,0.284
114000,6,-8.31783,-47901.2,2.39985,0.277
114500,6,-9.66213,-47899.2,4.42314,0.262
115000,6,-10.2978,-47901.3,2.67564,0.248
115500,6,-10.1726,-47896.6,2.36144,0.286
116000,6,-6.62017,-47898.8,1.15429,0.259
116500,6,-10.7884,-47898.8,1.78957,0.246
117000,6,-14.588,-47905.4,5.57199,0.238
117500,7,-13.596,-47906.9,4.44633,0.26
118000,6,-12.2377,-47902.5,3.28067,0.294
118500,6,-10.8123,-47911.6,3.4494,0.304
119000,7,-12.8657,-47911.5,3.51252,0.314
119500,6,-11.7879,-47908.1,2.90027,0.276
120000,6,-13.1106,-47903.5,2.64357,0.275
120500,6,-17.8692,-47900.4,4.24824,0.25
121000,6,-13.1059,-47896.5,1.78365,0.245
121500,6,-15.9257,-47901.1,4.23911,0.254
122000,6,-18.0221,-47896.9,4.69519,0.245
122500,6,-15.9991,-47899.8,4.57621,0.26
123000,7,-16.9191,-47886.7,4.95698,0.275
123500,7,-12.9354,-47891.1,3.97614,0.258
124000,7,-14.3091,-47881.1,5.61061,0.265
124500,7,-15.0513,-47881.1,5.77483,0.268
125000,7,-14.4661,-47878.5,4.96514,0.251
125500,7,-16.3568,-47876.1,6.29077,0.28
126000,7,-14.167,-47877,4.11718,0.264
126500,7,-16.5397,-47873.7,6.36911,0.27
127000,7,-13.7861,-47877.2,3.62234,0.26
127500,8,-19.2122,-47880.1,3.47618,0.282
128000,8,-12.8635,-47885.1,3.2203,0.273
128500,9,-14.898,-47879.6,6.42959,0.316
129000,9,-13.3196,-47878.5,5.97323,0.308
129500,8,-10.7376,-47885.2,2.37294,0.298
130000,8,-10.5967,-47875.8,3.39069,0.294
130500,7,-11.7103,-47877.2,3.27966,0.268
131000,7,-10.2203,-47872.9,1.92033,0.267
131500,7,-16.8172,-47872.3,6.57276,0.244
132000,7,-12.8557,-47877.8,2.70918,0.241
132500,8,-15.1417,-47882.6,4.5481,0.268
133000,8,-9.96631,-48103.3,2.84637,0.304576
133500,9,-18.0012,-48100.6,3.45243,0.322
134000,9,-10.1318,-48100.4,5.64747,0.332
134500,10,-16.6594,-48090.5,7.1767,0.332
135000,9,-12.4595,-48093.6,3.75769,0.324
135500,9,-18.0413,-48082.9,4.4482,0.334
136000,8,-18.3499,-48086,4.88841,0.326
136500,8,-10.5088,-48094.1,4.25576,0.284
137000,8,-14.582,-48094.4,3.7073,0.289
137500,8,-16.5902,-48091.1,5.10047,0.3
138000,8,-10.0991,-48100.6,3.31798,0.28
138500,8,-16.866,-48090.2,3.20211,0.292
139000,8,-22.6536,-48087.2,3.79605,0.275
139500,8,-12.3414,-48098.8,5.27252,0.328
140000,8,-13.0435,-48086.5,4.37512,0.328
140500,8,-16.789,-48082.5,4.95572,0.268
141000,8,-11.9277,-48090.2,6.06349,0.293
141500,8,-10.8931,-48089.6,2.99601,0.26
142000,9,-8.50258,-47828.3,3.84159,0.2673
142500,10,-7.76349,-47827.8,3.24039,0.31
143000,11,-11.0637,-47829.5,5.634,0.31
143500,10,-12.1138,-47823.8,6.2321,0.358
144000,9,-11.9723,-47828.6,4.88714,0.328
144500,9,-9.11359,-47806.8,4.28912,0.268
145000,9,-13.2769,-47799.3,6.12191,0.262
145500,9,-16.7841,-47800,8.91775,0.25
146000,9,-8.90583,-47801.7,3.55221,0.253
146500,9,-6.68814,-47802.6,1.87894,0.22
147000,10,-11.3567,-47807.8,5.73462,0.263
147500,9,-8.90348,-47805.8,6.57681,0.288
148000,9,-10.0379,-47808.5,3.2133,0.287
148500,9,-12.0207,-47799.6,6.30217,0.302
149000,9,-13.186,-47802.8,4.34062,0.28
149500,9,-10.1657,-47799.8,5.58523,0.242
150000,9,-10.0889,-47800.6,6.24487,0.241
150500,9,-8.34406,-47795.3,4.9415,0.256
151000,9,-17.9992,-48089.5,3.52714,0.3172
151500,9,-14.3792,-48098.6,5.06131,0.29
152000,8,-20.4082,-48093.1,7.21937,0.287
152500,8,-16.1731,-48095.9,3.95394,0.33
153000,10,-20.8302,-48096.3,6.66393,0.338
153500,11,-18.1501,-48102.8,5.24198,0.316
154000,11,-13.5307,-48095.2,3.66264,0.325
154500,12,-24.9432,-48097.9,7.7239,0.366
155000,12,-32.1682,-48089.3,7.92235,0.356
155500,10,-16.8401,-48092.2,5.95809,0.382
156000,9,-16.3851,-48088.1,6.27716,0.328
156500,9,-13.8659,-48085.7,5.13351,0.354
157000,10,-7.1015,-48177.4,3.32911,0.31196
157500,10,-9.17927,-48175,6.3024,0.272
158000,9,-11.0344,-48172,7.65455,0.297
158500,9,-12.2664,-48175.1,5.81376,0.25
159000,10,-7.76254,-47800.4,3.21335,0.302889
159500,10,-9.49727,-47801.8,6.74315,0.28
160000,11,-11.516,-47803.2,7.74091,0.312
160500,12,-13.7818,-47801.7,5.60226,0.348
161000,11,-7.01811,-47809.9,3.56378,0.344
161500,10,-9.58244,-47801.5,4.94969,0.318
162000,10,-15.4842,-47798.1,8.10581,0.307
162500,11,-11.6544,-47793.7,3.8005,0.29
163000,11,-8.2243,-47790.9,4.68182,0.307
163500,10,-9.35217,-47797.8,3.16375,0.34
164000,13,-16.5141,-47797.7,8.77559,0.333
164500,12,-9.69203,-47801.2,8.44935,0.37
165000,11,-12.9358,-47802.8,7.27314,0.353
165500,11,-10.0452,-47805.7,4.21282,0.298
166000,11,-16.7972,-47801.9,7.39827,0.302
166500,10,-8.28374,-47795.2,3.97322,0.312
167000,10,-11.7856,-47793.8,5.54707,0.307
167500,9,-17.1608,-47797.7,6.36666,0.282
168000,9,-12.2925,-47794.2,4.23415,0.281
168500,10,-14.2481,-47792.4,5.31249,0.26
169000,10,-9.98458,-47797.4,4.39939,0.262
169500,10,-13.0941,-47795,6.11177,0.292
170000,10,-12.1028,-47790.9,5.66395,0.294
170500,9,-12.352,-47795,4.69615,0.304
171000,9,-13.1432,-47800.1,6.08764,0.302
171500,9,-13.7568,-47801.4,7.19368,0.254
172000,9,-11.3531,-47801.6,3.82967,0.263
172500,9,-9.20856,-47794.5,3.54705,0.29
173000,9,-10.8898,-47792.6,4.00103,0.288
173500,9,-10.4746,-47791.7,4.28717,0.284
174000,9,-13.7572,-47795.5,6.493,0.269
174500,9,-13.5285,-47791.1,4.91254,0.242
175000,10,-11.342,-47792.6,3.87819,0.241
175500,10,-12.935,-47798.5,6.09789,0.266
176000,10,-17.7938,-47793.6,6.4966,0.261
176500,9,-11.5035,-47794.2,4.83792,0.248
177000,10,-19.1928,-47795.2,8.33114,0.241
177500,10,-12.8112,-47788.2,7.53157,0.248
178000,10,-11.6933,-47784.8,3.74683,0.243
178500,10,-17.3897,-47780,4.22402,0.298
179000,10,-11.9884,-47783.7,7.27724,0.285
179500,10,-9.67234,-47784,5.51724,0.304
180000,11,-13.7241,-47788.1,5.41762,0.306
180500,12,-16.6135,-47794.7,7.62727,0.36
181000,10,-11.1359,-47787,5.77326,0.316
181500,10,-7.43854,-47785.6,3.98053,0.298
182000,11,-8.86885,-47787.4,5.20094,0.296
182500,13,-19.5988,-47795.5,8.15627,0.328
183000,12,-18.4263,-47783.2,5.6991,0.329
183500,12,-23.1813,-47793.2,8.35215,0.3
184000,12,-15.306,-47784.6,8.75463,0.32
184500,12,-11.9056,-47796.2,4.75542,0.308
185000,12,-10.599,-47803.3,5.89157,0.328
185500,12,-15.9543,-47795.4,10.9279,0.336
186000,12,-15.5002,-47796.6,8.64515,0.318
186500,12,-18.6113,-47790.8,8.82014,0.298
187000,11,-13.2229,-47788.6,3.56118,0.301
187500,12,-16.7723,-47794.5,4.74437,0.264
188000,12,-15.5995,-47793.1,6.64319,0.273
188500,12,-15.2212,-47792.8,6.24346,0.306
189000,12,-9.84015,-47790,4.91581,0.327
189500,12,-13.1111,-47777.6,7.32744,0.318
190000,11,-12.7243,-47787.8,6.87174,0.325
190500,11,-10.4069,-47791.7,5.5967,0.308
191000,14,-8.4658,-47782.1,4.67018,0.311
191500,14,-16.1618,-47788.6,9.52518,0.338
192000,14,-21.5066,-47785.5,10.835,0.34
192500,11,-11.7161,-47786,3.70002,0.316
193000,11,-9.9235,-47784.6,2.07778,0.334
193500,10,-13.6361,-47783.7,4.82628,0.31
194000,10,-13.1138,-47778.2,5.86318,0.296
194500,11,-12.5045,-47785.8,5.37978,0.284
195000,12,-14.2831,-47782.9,5.46727,0.31
195500,12,-8.31865,-47782.3,4.54731,0.396
196000,11,-11.8681,-47785.6,6.47895,0.368
196500,11,-14.3939,-47781.5,7.52181,0.31
197000,12,-11.9266,-47778.9,6.11162,0.312
197500,13,-11.6836,-47779.6,6.797,0.316
198000,12,-9.91705,-47774.7,7.39327,0.33
198500,12,-10.0687,-47775.8,6.35611,0.324
199000,11,-10.7301,-47779.9,4.26533,0.337
199500,12,-13.0311,-47772.3,6.70431,0.342
200000,13,-10.1092,-47780.6,5.27038,0.323
200500,12,-7.04824,-47783.2,7.42704,0.336
201000,12,-10.9457,-47786.7,5.64624,0.347
201500,11,-9.96056,-47788.4,6.44146,0.328
202000,11,-8.05579,-47783,3.52384,0.32
202500,12,-14.0669,-47783.8,8.13747,0.31
203000,13,-16.8869,-47784.1,7.65962,0.322
203500,13,-12.9033,-47781,6.86766,0.366
204000,13,-15.5449,-47779.4,8.2608,0.373
204500,12,-6.82704,-47783.5,6.42134,0.39
205000,9,-16.8616,-48088.5,4.42409,0.324102
205500,10,-10.5301,-48065.3,2.70357,0.368
206000,9,-11.7627,-48056.6,3.73499,0.362
206500,9,-11.8692,-48058.9,4.80015,0.284
207000,10,-25.1236,-48055.3,6.44301,0.278
207500,9,-22.7097,-48054.1,6.4235,0.326
208000,9,-18.568,-48053.7,3.80186,0.31
208500,9,-20.3552,-48050.3,4.47944,0.286
209000,9,-18.8651,-48050.1,2.78756,0.278
209500,9,-23.0441,-48050.3,6.19849,0.244
210000,12,-21.5411,-47739.1,6.68355,0.338
210500,11,-14.8259,-47741.5,7.88738,0.282
211000,12,-14.4822,-47742.8,7.85331,0.263
211500,11,-14.6342,-47747.6,6.7146,0.254
212000,11,-10.423,-47741.6,4.55175,0.266
212500,11,-16.1307,-47748,6.8761,0.272
213000,11,-12.2241,-47748.8,6.16331,0.274
213500,11,-12.2747,-47740.3,4.51552,0.266
214000,11,-11.7412,-47752.7,5.35959,0.28
214500,11,-12.9283,-47747.7,7.77424,0.286
215000,11,-17.4533,-47744.8,8.97312,0.281
215500,12,-15.2713,-47746.9,5.43318,0.28
216000,12,-18.5339,-47745.5,9.49128,0.293
216500,12,-18.868,-47748.3,6.37516,0.264
217000,12,-13.0671,-47750.8,5.40735,0.273
217500,12,-15.2023,-47750.3,6.20631,0.27
218000,12,-19.8899,-47748.7,7.09074,0.28
218500,13,-30.8475,-47754,11.149,0.322
219000,13,-18.4047,-47748.1,10.932,0.316
219500,13,-19.147,-47748.3,7.48792,0.31
220000,14,-21.1399,-47748.3,8.14053,0.322
220500,12,-16.4333,-47746,4.18522,0.314
221000,9,-11.8112,-47909.8,7.14413,0.299984
221500,8,-10.9469,-47905,6.06241,0.28
222000,8,-10.5001,-47908.7,5.64018,0.29
222500,9,-11.6609,-47911.6,6.93348,0.29
223000,10,-12.7884,-47903,4.7432,0.301
223500,10,-10.8769,-47905.7,4.77071,0.308
224000,10,-7.19116,-47949.6,4.28815,0.323869
224500,10,-5.85409,-47948.4,5.19879,0.27
225000,10,-1.62407,-47947.8,4.33542,0.292
225500,9,-5.88702,-47946.6,4.50039,0.328
226000,10,-5.05415,-47947.1,5.75575,0.313
226500,9,-3.89279,-47948.3,3.61398,0.266
227000,8,-1.41471,-47957.4,3.70496,0.262
227500,8,-2.04028,-47946.1,4.44731,0.302
228000,12,-19.1377,-47746.4,8.1196,0.30675
228500,12,-20.3467,-47750.4,6.16668,0.29
229000,8,-4.34804,-47948,3.26464,0.3025
229500,8,-1.79057,-47956.3,1.74584,0.358
230000,8,-4.76131,-47957.3,6.66576,0.328
230500,8,-0.781425,-47952.3,2.60168,0.368
231000,9,-4.69969,-47952.3,7.04562,0.335
231500,10,-6.94953,-47944.8,8.78084,0.316
232000,9,-7.55915,-47948.4,3.4955,0.327
232500,9,-8.01598,-47954,6.75689,0.294
233000,8,-9.48236,-47917.4,6.78882,0.2973
233500,9,-3.60153,-47912.5,4.65997,0.292
234000,9,-10.4584,-47913.2,7.14511,0.319
234500,9,-7.47318,-47912.8,3.44718,0.278
235000,9,-5.52178,-47906.8,5.31452,0.299
235500,9,-12.5741,-47911.1,4.30546,0.306
236000,9,-12.1284,-47907,8.41024,0.294
236500,9,-7.17093,-47903.4,6.37747,0.278
237000,9,-6.62105,-47905.9,4.3253,0.278
237500,10,-14.0859,-47902.3,10.0627,0.302
238000,10,-9.93146,-47897.1,4.06503,0.31
238500,10,-9.2847,-47902.8,4.28069,0.318
239000,10,-6.59411,-47900.6,3.66064,0.334
239500,10,-10.7287,-47904.6,5.66966,0.29
240000,10,-17.608,-47912,9.34327,0.295
240500,10,-9.43582,-47909.9,5.72033,0.32
241000,11,-13.2402,-47744.3,6.42522,0.308462
241500,11,-16.552,-47741,4.46645,0.262
242000,11,-11.3845,-47740.6,4.02614,0.262
242500,11,-16.7124,-47750.3,5.17571,0.258
243000,11,-22.9576,-47744,5.97167,0.263
243500,11,-23.2195,-47741.6,5.83323,0.266
244000,11,-13.8004,-47743.1,4.13623,0.297
244500,11,-15.9319,-47740.8,5.84743,0.29
245000,12,-13.0635,-47741.4,6.99841,0.287
245500,12,-16.887,-47732.6,9.8667,0.3
246000,12,-11.0148,-47728.8,5.88049,0.283
246500,12,-21.5712,-47734.3,7.43095,0.272
247000,12,-16.7793,-47734.3,5.57273,0.309
247500,12,-19.063,-47732.8,8.6847,0.258
248000,13,-18.6727,-47724.2,6.25554,0.266
248500,14,-14.5,-47723.9,3.6636,0.312
249000,13,-18.3479,-47728.1,8.7678,0.303
249500,13,-15.0682,-47736.1,5.76391,0.29
250000,13,-12.9661,-47728.9,8.1413,0.303
250500,12,-15.8085,-47725.3,6.37407,0.298
251000,12,-16.0304,-47727.7,4.46108,0.301
251500,12,-11.9223,-47728.9,5.73982,0.316
252000,12,-15.6642,-47722,6.06257,0.308
252500,12,-14.4832,-47725,3.46951,0.278
253000,13,-21.498,-47729.2,7.76102,0.292
253500,13,-25.0629,-47729.8,8.89023,0.286
254000,12,-13.1511,-47737.8,5.14871,0.296
254500,12,-13.6645,-47733.8,6.74516,0.328
255000,12,-10.2995,-47740.9,7.14187,0.324
255500,12,-9.09423,-47735.8,3.80336,0.32
256000,9,-10.8071,-47889,3.71477,0.30175
256500,9,-8.75291,-47885.5,4.26021,0.284
257000,9,-13.2641,-47894.5,5.91021,0.274
257500,9,-6.1849,-47889.1,4.27337,0.298
258000,13,-12.6913,-47724.9,5.06475,0.303333
258500,13,-14.7351,-47729.7,6.15107,0.3
259000,13,-21.6664,-47727.2,6.98231,0.311
259500,13,-15.684,-47728,6.345,0.292
260000,12,-14.4923,-47726.9,6.03724,0.31
260500,12,-16.0873,-47734.7,5.87291,0.298
261000,12,-17.3636,-47735.4,8.49161,0.299
261500,12,-19.4403,-47726.7,7.19135,0.286
262000,12,-16.1786,-47725.9,4.88575,0.277
262500,12,-17.2938,-47727.1,6.29823,0.252
263000,12,-14.2122,-47722.2,5.62628,0.271
263500,12,-11.7352,-47724.7,5.38389,0.294
264000,12,-17.5971,-47722,6.70758,0.287
264500,12,-17.3046,-47720.7,8.73621,0.27
265000,12,-15.0497,-47723.4,6.31973,0.272
265500,12,-14.7268,-47727.1,5.74125,0.296
266000,12,-13.7779,-47720.1,4.77246,0.3
266500,12,-14.1784,-47725.6,3.40958,0.292
267000,12,-18.0896,-47725.3,6.95337,0.288
267500,12,-11.1663,-47723.2,3.54197,0.276
268000,12,-15.4238,-47726.3,8.94878,0.274
268500,12,-16.3746,-47723.2,7.61603,0.29
269000,12,-15.6887,-47729.6,7.18056,0.292
269500,12,-15.6276,-47727.4,6.21951,0.27
270000,12,-14.8367,-47728.7,7.55234,0.266
270500,13,-18.9419,-47728.6,7.86803,0.282
271000,13,-14.1862,-47732.6,6.13562,0.312
271500,13,-18.9632,-47725.3,6.71417,0.296
272000,13,-19.9587,-47726.4,7.00675,0.274
272500,14,-18.2216,-47724.9,6.32214,0.274
273000,14,-23.7221,-47726,7.45542,0.306
273500,13,-13.9808,-47723.5,6.86946,0.326
274000,13,-12.3537,-47728.8,6.13164,0.319
274500,12,-16.0591,-47723.9,7.12721,0.314
275000,13,-15.2772,-47723.9,5.79765,0.309
275500,13,-22.1966,-47725.7,7.99336,0.3
276000,12,-16.0665,-47727.2,7.54826,0.281
276500,12,-14.1928,-47738.7,8.95325,0.3
277000,12,-18.4879,-47737.5,5.96279,0.32
277500,13,-13.365,-47731.3,5.97547,0.314
278000,13,-28.0591,-47731.5,11.1036,0.306
278500,14,-17.6823,-47731,5.9813,0.318
279000,14,-17.2013,-47739.6,5.7737,0.302
279500,13,-17.1767,-47735.5,6.05081,0.312
280000,13,-12.392,-47729.6,6.76905,0.32
280500,13,-16.2623,-47730.7,7.17979,0.298
281000,13,-13.9662,-47732.4,5.65747,0.281
281500,14,-17.1919,-47723.9,11.8856,0.344
282000,13,-18.4964,-47724.4,8.21798,0.321
282500,14,-13.4327,-47724.1,8.06453,0.286
283000,15,-22.5229,-47724.3,8.11318,0.317
283500,13,-15.2603,-47725.7,5.61234,0.334
284000,10,-10.9352,-47856.1,3.4678,0.305148
284500,10,-13.7645,-47854.3,6.50099,0.284
285000,10,-12.8727,-47852.6,5.3495,0.281
285500,10,-9.37062,-47859.6,4.96243,0.286
286000,11,-11.6428,-47858.5,4.0213,0.298
286500,10,-11.719,-47861.2,4.59667,0.318
287000,9,-6.93849,-47932.7,4.91466,0.318855
287500,9,-10.7607,-47934.6,9.95362,0.284
288000,9,-10.3761,-47934.8,6.32113,0.288
288500,9,-9.16974,-47928.5,5.19448,0.304
289000,13,-36.3039,-48004.1,7.70079,0.316375
289500,13,-38.7812,-48002.4,5.62961,0.316
290000,13,-32.3986,-47999.5,6.07797,0.298
290500,14,-36.068,-48002.1,9.12793,0.328
291000,11,-16.3471,-47847.9,6.00918,0.2688
291500,11,-10.8951,-47850.6,6.55439,0.278
292000,11,-20.6025,-47847,5.84129,0.293
292500,12,-13.0861,-47850.7,5.79214,0.304
293000,12,-16.1825,-47850.3,6.74141,0.288
293500,10,-12.9106,-47850.8,7.68972,0.274
294000,10,-11.2302,-47850.7,6.58131,0.248
294500,10,-9.9549,-47848.5,2.79132,0.312
295000,10,-9.40837,-47848.1,2.95552,0.279
295500,11,-14.0902,-47847.4,7.34129,0.236
296000,13,-20.7009,-47719.1,9.84489,0.288923
296500,12,-18.1341,-47716.3,6.68204,0.246
297000,12,-14.7322,-47724.5,5.17186,0.284
297500,12,-17.4626,-47733.6,6.37975,0.278
298000,12,-22.6264,-47730.2,6.62476,0.287
298500,13,-20.4313,-47732.4,7.24051,0.298
299000,12,-26.6505,-47730.1,8.32997,0.289
299500,14,-17.1383,-47734.6,6.23894,0.262
300000,14,-21.843,-47744,6.3299,0.292
300500,14,-19.1456,-47730,7.0126,0.282
301000,13,-16.907,-47730.5,7.87273,0.278
301500,14,-22.0621,-47731.4,5.03386,0.288
302000,15,-17.4023,-47726.7,6.73782,0.302
302500,15,-23.6872,-47721.1,6.60796,0.328
303000,15,-20.8211,-47717.8,7.63149,0.336
303500,15,-23.298,-47726.6,9.89912,0.354
304000,15,-18.0644,-47728.9,6.19291,0.343
304500,15,-17.1849,-47725.1,7.893,0.294
305000,15,-26.3096,-47720.5,6.82073,0.329
305500,15,-21.9358,-47722.9,8.6052,0.292
306000,14,-15.1722,-47721.2,4.72495,0.3
306500,14,-15.2714,-47721,7.77942,0.296
307000,14,-17.9752,-47721.2,6.87827,0.313
307500,12,-14.299,-47726.7,3.90765,0.29
308000,12,-25.0414,-47726.2,6.37222,0.301
308500,13,-19.4989,-47726.7,6.49445,0.282
309000,12,-22.1743,-47729.4,8.42594,0.303
309500,12,-17.9283,-47722.8,5.35494,0.29
310000,12,-16.42,-47725.1,6.62391,0.287
310500,13,-14.8522,-47726.4,7.59792,0.344
311000,13,-19.7719,-47714.8,6.70237,0.322
311500,13,-19.7231,-47721.1,6.92036,0.3
312000,13,-26.2754,-47715.2,8.36449,0.296
312500,13,-25.3296,-47717.1,5.36342,0.324
313000,13,-22.7653,-47720.8,11.4902,0.326
313500,13,-20.0349,-47722.1,10.3788,0.33
314000,12,-21.9339,-47733,8.68063,0.323
314500,12,-24.7357,-47722.3,4.08082,0.328
315000,12,-22.5816,-47722.9,7.15688,0.298
315500,12,-21.5384,-47724.7,5.61694,0.242
316000,12,-18.2705,-47717.7,5.85791,0.26
316500,12,-21.2384,-47709.6,7.33441,0.276
317000,13,-21.1298,-47705.5,8.46555,0.277
317500,15,-20.5167,-47700.1,6.84894,0.326
318000,15,-19.4784,-47705.8,8.50235,0.352
318500,14,-21.18,-47706.8,9.42589,0.362
319000,13,-22.7347,-47706.4,8.33026,0.338
319500,12,-22.4177,-47702.1,7.31668,0.284
320000,12,-20.0355,-47706.1,6.63734,0.286
320500,12,-12.5558,-47699.3,5.4908,0.294
321000,12,-17.4929,-47710.6,8.3535,0.29
321500,12,-10.3412,-47711.6,4.12366,0.288
322000,13,-17.7455,-47701.2,7.68398,0.285
322500,14,-13.1287,-47699.1,6.99153,0.296
323000,14,-18.117,-47695.9,8.6992,0.3
323500,14,-15.6717,-47698,6.20635,0.328
324000,15,-24.6557,-47693.1,10.2411,0.324
324500,14,-16.9468,-47696.4,8.30553,0.29
325000,13,-21.5681,-47699,10.9145,0.291
325500,14,-20.78,-47704.6,8.07396,0.308
326000,13,-23.4401,-47706.6,7.57006,0.286
326500,13,-23.1289,-47702,11.5483,0.242
327000,14,-28.2089,-47706.9,8.81668,0.268
327500,14,-21.3968,-47704,9.37087,0.318
328000,14,-24.1513,-47697.4,7.93037,0.314
328500,15,-23.0027,-47703.4,9.45515,0.334
329000,14,-20.9115,-47700.8,5.65797,0.327
329500,14,-15.6833,-47699.3,4.25687,0.31
330000,14,-19.0623,-47703.2,8.92994,0.303
330500,14,-22.3479,-47701.3,5.97446,0.328
331000,15,-28.5378,-47696.6,4.98352,0.317
331500,15,-23.1837,-47700.9,8.69183,0.31
332000,13,-19.4955,-47691.4,7.33069,0.293
332500,13,-18.722,-47690.8,4.6596,0.266
333000,10,-16.0735,-47852.1,7.77404,0.293632
333500,10,-7.94653,-47855.5,4.24807,0.264
334000,10,-12.0731,-47852.3,4.97351,0.266
334500,11,-10.8052,-47853,7.96441,0.258
335000,10,-13.5948,-47848.7,8.79469,0.276
335500,10,-12.1099,-47849.1,5.86122,0.29
336000,13,-15.6723,-47686.6,4.82725,0.2835
336500,13,-15.3297,-47693.8,4.7589,0.266
337000,15,-25.7271,-47696.3,8.47955,0.272
337500,14,-20.2184,-47698.2,6.69182,0.324
338000,14,-24.3486,-47708.5,6.26135,0.306
338500,14,-26.5698,-47709.5,6.49131,0.29
339000,14,-22.26,-47702.3,8.5993,0.286
339500,14,-27.4472,-47687.9,8.25948,0.28
340000,11,-16.4451,-47848.6,6.19558,0.2586
340500,11,-14.9706,-47842.2,5.60759,0.256
341000,11,-11.0617,-47842.2,4.15109,0.261
341500,11,-13.6062,-47843.3,2.7705,0.268
342000,12,-11.9197,-47843.6,4.54977,0.287
342500,12,-14.3232,-47843.4,8.77854,0.306
343000,14,-24.593,-47699.4,10.96,0.3055
343500,13,-20.5582,-47693.2,7.3947,0.334
344000,13,-18.0402,-47698.1,3.98605,0.303
344500,13,-24.5732,-47695.7,6.62789,0.292
345000,14,-21.9564,-47706.3,4.74676,0.291
345500,15,-17.609,-47691.5,5.96999,0.35
346000,15,-21.1467,-47691.7,7.56021,0.347
346500,18,-31.0863,-47686,8.21581,0.332
347000,17,-19.7804,-47687.3,7.3295,0.336
347500,17,-25.0609,-47687.6,9.21836,0.334
348000,16,-23.9815,-47685.2,6.21598,0.33
348500,17,-25.755,-47679.9,11.7588,0.332
349000,16,-21.7582,-47689.6,10.4113,0.333
349500,18,-30.5995,-47684.3,14.3515,0.35
350000,18,-28.1576,-47682.8,9.04547,0.336
350500,19,-28.0669,-47681.1,7.98487,0.352
351000,18,-25.2144,-47684.6,6.54583,0.353
351500,18,-23.8023,-47695.4,8.64968,0.366
352000,17,-26.7238,-47679,10.9883,0.367
352500,17,-28.3408,-47678.8,8.50882,0.386
353000,19,-24.7327,-47680.1,9.68669,0.384
353500,20,-23.284,-47695.1,10.3333,0.352
354000,20,-22.6846,-47684.6,11.2685,0.351
354500,21,-36.4803,-47672.3,12.462,0.38
355000,22,-38.2166,-47618.8,9.68174,0.361
355500,22,-36.0626,-47593.5,10.0139,0.316
356000,21,-37.6092,-47580,7.97356,0.338
356500,20,-36.6987,-47582.8,12.4983,0.336
357000,21,-40.1688,-47585.7,13.6131,0.325
357500,20,-36.7879,-47572.5,10.9013,0.332
358000,18,-30.7202,-47578.5,7.94813,0.335
358500,18,-33.0878,-47576.6,9.28893,0.324
359000,18,-34.0034,-47574.4,7.10623,0.327
359500,20,-37.5806,-47581.9,13.3416,0.32
360000,19,-42.1971,-47568.8,10.1106,0.317
360500,18,-47.1789,-47562.3,14.2621,0.304
361000,18,-49.1102,-47575.5,11.7259,0.322
361500,18,-42.9648,-47567.9,11.2287,0.302
362000,18,-42.3615,-47574.5,11.6031,0.3
362500,18,-38.2082,-47576.5,6.30285,0.284
363000,13,-23.2571,-47752.6,9.07177,0.313693
363500,13,-22.8104,-47748.9,9.2292,0.29
364000,13,-24.2631,-47757.4,6.93525,0.291
364500,13,-21.6489,-47760.8,6.55669,0.302
365000,13,-18.7846,-47753.9,6.15131,0.302
365500,13,-25.3018,-47757.7,4.88332,0.29
366000,14,-23.8721,-47719.3,6.24692,0.301208
366500,13,-22.8104,-47721.7,6.98459,0.3
367000,13,-29.8408,-47723.4,8.41689,0.32
367500,15,-30.6396,-47713.4,10.1652,0.28
368000,15,-22.1376,-47715.7,5.7543,0.302
368500,15,-21.8792,-47717.3,5.78486,0.296
369000,15,-33.0611,-47703.7,8.67889,0.308
369500,15,-31.1649,-47705.3,10.7023,0.342
370000,14,-24.2206,-47711.7,4.57275,0.314
370500,14,-23.567,-47707.6,5.875,0.324
371000,14,-30.9663,-47703.1,9.43943,0.319
371500,15,-27.1024,-47696.7,5.71574,0.32
372000,15,-33.9942,-47699,11.9224,0.315
372500,15,-38.9506,-47690.8,10.0183,0.292
373000,15,-38.9347,-47696.2,6.4678,0.291
373500,14,-35.299,-47698.1,8.61632,0.364
374000,13,-27.3889,-47737.6,9.01399,0.328889
374500,14,-28.7262,-47727.6,6.22293,0.298
375000,14,-32.7742,-47715.3,8.2249,0.293
375500,15,-29.1592,-47718.8,6.08136,0.27
376000,15,-33.4783,-47718.9,7.92134,0.286
376500,15,-33.9386,-47720.1,14.2374,0.324
377000,17,-41.2315,-47570.1,10.3474,0.305
377500,17,-35.2312,-47569.8,10.0725,0.268
378000,18,-38.6457,-47578.8,11.1111,0.295
378500,18,-38.3521,-47569.6,9.79744,0.304
379000,17,-36.9834,-47566.4,12.2988,0.32
379500,17,-32.9422,-47568.2,11.9431,0.274
380000,18,-38.0507,-47570.3,9.79682,0.306
380500,19,-46.1368,-47559.8,10.3578,0.304
381000,16,-31.3322,-47708.6,9.20731,0.3014
381500,16,-32.7969,-47709.4,8.51091,0.308
382000,17,-33.2261,-47713.2,8.51952,0.342
382500,18,-38.8451,-47720.8,11.5501,0.338
383000,17,-38.3203,-47707.5,7.97782,0.349
383500,16,-39.4485,-47704.5,11.0203,0.348
384000,18,-42.6455,-47699.7,10.3461,0.346
384500,17,-43.4343,-47705.2,6.8125,0.31
385000,16,-34.1302,-47715.7,9.61664,0.329
385500,15,-32.7397,-47707.8,10.3402,0.316
386000,15,-37.5301,-47698.5,13.6919,0.29
386500,15,-28.7142,-47703.9,5.83416,0.312
387000,15,-31.9634,-47703,7.23052,0.32
387500,15,-28.6614,-47710.6,6.59344,0.326
388000,15,-35.0524,-47702.8,7.37602,0.329
388500,15,-38.5353,-47703.6,8.63105,0.312
389000,14,-30.7536,-47705.1,7.45949,0.317
389500,14,-30.6275,-47698.7,6.39069,0.292
390000,14,-25.455,-47698.9,6.84997,0.309
390500,15,-30.2544,-47708.6,11.8537,0.34
391000,15,-29.0136,-47709.7,9.8051,0.328
391500,15,-28.5299,-47703.5,9.32002,0.294
392000,17,-33.1066,-47687.4,6.80728,0.315053
392500,17,-26.1758,-47698.6,7.3352,0.348
393000,16,-34.8408,-47572.6,7.03057,0.313308
393500,16,-39.6373,-47563.5,5.9441,0.278
394000,17,-43.2191,-47559.9,11.1397,0.28
394500,17,-36.0859,-47567.4,7.95595,0.314
395000,17,-37.4335,-47564.5,13.1542,0.295
395500,18,-41.8964,-47560.5,13.1396,0.3
396000,18,-31.1345,-47563,7.51096,0.296
396500,19,-36.1981,-47562.5,9.09525,0.292
397000,17,-47.0327,-47563.5,12.7331,0.292
397500,18,-40.9693,-47562.1,7.06432,0.298
398000,18,-49.2388,-47558,8.71462,0.309
398500,17,-38.3245,-47556.1,9.97673,0.324
399000,17,-40.0432,-47558.1,8.10132,0.311
399500,17,-37.7304,-47562.8,11.0807,0.31
400000,17,-35.6973,-47561,10.4116,0.312
400500,17,-31.9774,-47569.5,8.06754,0.304
401000,16,-41.2586,-47697.4,12.0178,0.3228
401500,16,-31.7336,-47695.1,7.55448,0.322
402000,16,-32.2277,-47694.4,7.37889,0.332
402500,16,-29.1405,-47693.3,7.08961,0.35
403000,16,-22.6577,-47572,6.21426,0.316
403500,16,-19.2104,-47579.1,7.80365,0.272
404000,17,-35.3678,-47568.9,11.7705,0.279
404500,17,-35.1735,-47572.9,6.96879,0.298
405000,16,-28.3877,-47567.9,5.77219,0.297
405500,16,-47.0806,-47559.1,8.95419,0.288
406000,16,-33.2978,-47565.4,11.6784,0.297
406500,17,-25.1338,-47578.5,4.29375,0.292
407000,17,-28.6458,-47579.5,6.72194,0.28
407500,17,-31.0241,-47569,10.4953,0.318
408000,17,-30.2146,-47579.1,8.04685,0.326
408500,17,-28.057,-47575.8,7.28425,0.296
409000,17,-38.267,-47560.4,9.29832,0.306
409500,16,-45.4751,-47557.4,13.1934,0.288
410000,16,-31.9116,-47570.7,9.18122,0.29
410500,16,-42.2837,-47567.9,10.9416,0.324
411000,16,-43.9291,-47562.9,11.244,0.29
411500,17,-45.2409,-47558.3,10.5307,0.254
412000,17,-41.0888,-47564.8,8.86278,0.269
412500,17,-33.0622,-47565.9,8.171,0.322
413000,17,-33.7159,-47570.7,9.32242,0.291
413500,16,-33.6565,-47567.9,6.56614,0.328
414000,16,-34.8506,-47569.7,9.64939,0.304
414500,16,-30.8846,-47577.9,12.5431,0.302
415000,16,-36.764,-47563.4,8.16055,0.301
415500,16,-39.5777,-47566.8,13.1383,0.3
416000,16,-36.1375,-47566,7.74032,0.313
416500,17,-32.7679,-47566.9,7.66225,0.294
417000,17,-32.1152,-47569.2,9.99437,0.305
417500,16,-29.0036,-47566.9,7.37929,0.28
418000,16,-32.6269,-47566.3,6.50113,0.271
418500,17,-35.4731,-47569.2,8.73332,0.28
419000,16,-35.3364,-47564.4,6.20436,0.281
419500,16,-29.7214,-47580.8,9.34137,0.264
420000,17,-31.6928,-47579.1,10.9479,0.267
420500,18,-34.0825,-47572.1,10.6597,0.3
421000,18,-38.5299,-47579.2,11.4089,0.31
421500,17,-35.1913,-47575.4,5.57227,0.366
422000,17,-37.346,-47575.8,6.87619,0.345
422500,17,-43.2582,-47580.9,11.044,0.31
423000,16,-35.8672,-47582.3,10.2742,0.303
423500,16,-36.4464,-47582,9.69936,0.34
424000,16,-38.2605,-47573.2,10.1388,0.311
424500,16,-38.0002,-47579,8.04053,0.312
425000,17,-37.9617,-47563.4,10.5953,0.306
425500,17,-39.1555,-47558.9,8.26229,0.32
426000,17,-40.1589,-47577.3,7.12304,0.319
426500,17,-36.598,-47574.8,9.47338,0.298
427000,17,-36.0665,-47577,8.41537,0.328
427500,18,-35.2888,-47585.6,9.81447,0.294
428000,19,-36.1591,-47578.1,10.2712,0.309
428500,18,-36.4353,-47575.9,10.9725,0.318
429000,18,-40.6729,-47568.2,9.65001,0.288
429500,18,-33.0605,-47572.9,7.54269,0.31
430000,19,-31.735,-47576.6,9.03404,0.31
430500,20,-35.2629,-47574.1,10.814,0.368
431000,19,-33.9956,-47573.4,11.5137,0.346
431500,19,-36.4006,-47574.5,11.1987,0.332
432000,18,-34.096,-47566.3,8.75912,0.329
432500,19,-30.9902,-47583.7,9.76588,0.318
433000,18,-40.7574,-47573.4,12.3838,0.346
433500,17,-28.072,-47571.8,7.33543,0.348
434000,17,-31.6497,-47563.8,7.9486,0.338
434500,17,-30.6072,-47566,8.47242,0.28
435000,17,-34.073,-47570,10.7352,0.275
435500,17,-37.7041,-47565.2,10.7277,0.274
436000,17,-37.9883,-47560.5,6.5575,0.272
436500,17,-46.4206,-47560.4,10.8698,0.34
437000,17,-30.8974,-47565.4,8.16277,0.321
437500,17,-39.2055,-47572.8,15.5769,0.302
438000,17,-38.0425,-47564.4,7.71028,0.334
438500,17,-28.438,-47581.4,8.27747,0.356
439000,16,-33.6101,-47566.4,7.2285,0.351
439500,16,-33.7724,-47567.8,9.76392,0.316
440000,17,-35.0781,-47564.9,10.7294,0.319
440500,17,-33.341,-47562.9,7.97571,0.274
441000,19,-37.1432,-47558.9,10.1698,0.312
441500,17,-39.3884,-47558.2,8.76729,0.344
442000,16,-48.4453,-47559.6,9.59044,0.312
442500,16,-51.7013,-47572.5,10.9163,0.262
443000,16,-38.604,-47564.4,8.50059,0.274
443500,16,-39.5087,-47565.7,10.2752,0.33
444000,16,-34.8091,-47569.2,10.4879,0.304
444500,16,-36.9528,-47565.9,10.497,0.28
445000,16,-34.7214,-47571.3,9.36406,0.284
445500,16,-35.6403,-47579.3,10.6125,0.34
446000,16,-46.8875,-47556.5,9.3065,0.331
446500,16,-37.2413,-47564.3,8.16572,0.314
447000,16,-44.2529,-47563.8,13.285,0.306
447500,16,-36.7534,-47568.6,8.12336,0.31
448000,17,-57.7943,-47559.6,13.6304,0.313
448500,17,-41.6434,-47566.3,10.2076,0.292
449000,17,-43.2801,-47562.7,9.30424,0.293
449500,17,-40.2012,-47556.3,6.40237,0.31
450000,16,-46.3991,-47556.3,10.9815,0.301
450500,16,-33.3926,-47569.9,2.91825,0.29
451000,16,-44.6517,-47569.8,7.85214,0.276
451500,16,-48.2956,-47561.5,10.265,0.242
452000,18,-44.3367,-47665.3,8.34037,0.32014
452500,18,-36.9657,-47664.2,7.94138,0.336
453000,16,-44.5902,-47545.2,9.27709,0.2735
453500,16,-37.6258,-47548.8,6.06097,0.282
454000,16,-31.1549,-47553.6,7.46076,0.3
454500,17,-31.5124,-47550.4,5.7187,0.304
455000,18,-38.5008,-47542.1,9.08976,0.304
455500,18,-35.0673,-47544.3,7.67915,0.33
456000,19,-50.6142,-47530.7,10.8782,0.318
456500,19,-37.758,-47541.5,10.0029,0.294
457000,20,-52.5194,-47532.6,8.75832,0.297
457500,18,-43.7898,-47543,9.49843,0.29
458000,19,-37.6632,-47541.2,10.0304,0.283
458500,20,-41.2771,-47539,7.33036,0.306
459000,20,-52.5966,-47534.5,10.7838,0.331
459500,19,-56.008,-47536.3,12.146,0.316
460000,19,-53.4899,-47533.3,10.7658,0.315
460500,18,-51.2266,-47525.6,15.0856,0.316
461000,18,-38.239,-47536.8,7.4125,0.305
461500,19,-35.3532,-47546.6,9.91954,0.328
462000,19,-46.6146,-47534,11.8885,0.312
462500,19,-50.4698,-47541.7,12.6365,0.31
463000,18,-38.4682,-47552.9,9.27076,0.312
463500,17,-39.1286,-47536.2,11.2569,0.324
464000,17,-40.7577,-47545.9,7.63672,0.323
464500,17,-37.8303,-47544,7.15659,0.3
465000,17,-46.2939,-47535.4,11.0797,0.326
465500,18,-47.2539,-47540.7,6.35685,0.316
466000,20,-52.1421,-47535,10.2212,0.324
466500,19,-53.3149,-47523.9,10.0908,0.388
467000,21,-60.7924,-47530.1,14.843,0.381
467500,20,-48.0254,-47543.2,12.3845,0.328
468000,21,-49.7947,-47534.3,13.0746,0.324
468500,20,-50.5229,-47527.9,12.5141,0.34
469000,19,-40.3745,-47535.2,9.69153,0.32
469500,19,-43.6061,-47533.8,11.4338,0.318
470000,18,-49.9048,-47530.2,9.86637,0.32
470500,19,-44.2078,-47531.8,10.8433,0.344
471000,18,-40.9175,-47536,8.90165,0.326
471500,17,-40.9173,-47537.5,9.33621,0.356
472000,17,-30.771,-47658,7.39943,0.316763
472500,17,-34.7808,-47652.9,12.1558,0.258
473000,19,-33.6454,-47631.1,11.3098,0.32981
473500,19,-42.8055,-47618,14.192,0.342
474000,18,-32.1913,-47621,10.3025,0.323
474500,18,-35.4364,-47622.4,8.72136,0.276
475000,18,-34.9778,-47632.9,7.62018,0.296
475500,19,-40.351,-47631.7,14.7964,0.33
476000,19,-26.7989,-47635.1,11.6702,0.328
476500,20,-30.5729,-47630.7,8.22187,0.334
477000,20,-34.4998,-47628.6,11.5106,0.324
477500,18,-34.6679,-47622.6,10.612,0.3
478000,18,-28.5538,-47636.8,6.62868,0.311
478500,17,-36.0966,-47633,8.80643,0.292
479000,17,-33.4943,-47632.3,9.0928,0.287
479500,17,-41.762,-47621.9,9.22782,0.292
480000,18,-45.3466,-47528.8,7.66082,0.323333
480500,18,-54.0815,-47521,11.7792,0.32
481000,19,-45.2361,-47529.5,5.73386,0.316
481500,19,-58.4175,-47524.7,10.4838,0.346
482000,18,-48.4558,-47528.2,8.86991,0.334
482500,18,-47.6298,-47532.5,8.17796,0.32
483000,18,-49.6554,-47537,10.5983,0.314
483500,20,-45.758,-47535,7.70262,0.336
484000,18,-47.688,-47537.2,7.08143,0.319
484500,18,-51.4546,-47534.5,12.5069,0.286
485000,19,-46.0691,-47541.4,10.5598,0.307
485500,20,-46.8591,-47536.6,9.92933,0.324
486000,20,-48.3019,-47539.4,11.2123,0.345
486500,18,-46.4215,-47540.1,10.1128,0.306
487000,17,-38.9588,-47545.8,7.69639,0.29
487500,18,-44.2511,-47549.2,13.2589,0.308
488000,18,-46.8216,-47538.6,9.41075,0.297
488500,18,-43.7272,-47546.4,8.95518,0.31
489000,18,-42.1001,-47537.1,9.4142,0.316
489500,19,-51.9852,-47536,9.54612,0.316
490000,19,-50.041,-47536.1,9.23665,0.304
490500,19,-39.6252,-47540.1,9.18807,0.346
491000,18,-53.4447,-47525.5,6.98901,0.345
491500,18,-49.339,-47533.8,6.81249,0.33
492000,18,-47.0672,-47535.4,5.60041,0.312
492500,18,-47.091,-47535.3,5.77471,0.328
493000,16,-36.1004,-47608.2,6.78042,0.298286
493500,16,-32.3424,-47605,5.03521,0.292
494000,18,-40.9413,-47547.7,10.6564,0.3065
494500,17,-47.0805,-47532.8,10.6424,0.288
495000,17,-38.2229,-47531.4,9.50729,0.29
495500,17,-38.501,-47530.8,14.3593,0.342
496000,17,-33.7244,-47533.1,6.38584,0.32
496500,18,-37.6188,-47537.1,12.7271,0.306
497000,18,-48.7999,-47532.1,13.2451,0.307
497500,18,-39.8878,-47540.9,10.0206,0.324
498000,19,-44.5788,-47532.6,8.22868,0.318
498500,20,-43.7779,-47540.5,9.93069,0.314
499000,20,-44.7157,-47550.8,9.07236,0.315
499500,19,-38.7143,-47532.5,7.07682,0.328
