generation,N_shifts,logPrior,logLik,eventRate,acceptRate
0,0,0.120855,-447.009,1,0
500,0,0.851142,-418.811,0.287647,0.31
1000,0,1.06192,-418.555,0.0721604,0.284
1500,0,0.793546,-420.047,0.34148,0.258
2000,0,0.613843,-420.623,0.511693,0.271864
2500,0,0.234238,-419.299,0.891692,0.286
3000,0,0.694559,-419.428,0.432816,0.313
3500,0,0.501304,-418.893,0.63264,0.262
4000,0,0.824686,-419.729,0.30978,0.277
4500,0,0.470561,-418.77,0.673032,0.358
5000,0,1.0343,-418.158,0.107317,0.32
5500,0,0.991354,-419.558,0.148234,0.332
6000,0,0.780072,-418.986,0.354595,0.326
6500,0,0.546505,-419.919,0.592481,0.316
7000,0,1.0231,-420.232,0.124102,0.328
7500,0,-0.723951,-419.335,1.1708,0.39
8000,0,-1.75835,-418.303,0.60562,0.309836
8500,0,-0.0580398,-418.531,1.04737,0.35
9000,0,-0.147835,-418.776,0.799783,0.319298
9500,0,0.867673,-418.979,0.0721273,0.34
10000,0,0.392853,-419.828,0.0690219,0.323222
10500,0,0.887281,-420.643,0.0214307,0.392
11000,0,0.217545,-418.915,0.158872,0.381
11500,0,-0.94836,-418.887,2.02723,0.362
12000,0,0.447423,-418.795,0.6687,0.373
12500,0,0.872443,-418.875,0.0779273,0.32
13000,0,0.443467,-418.642,0.203457,0.338
13500,0,0.676435,-419.337,0.258001,0.352
14000,0,-0.0819885,-421.62,0.730185,0.351
14500,0,0.730554,-421.302,0.403534,0.342
15000,0,-0.188855,-418.866,0.939218,0.367625
15500,0,0.418759,-418.215,0.286343,0.348
16000,0,0.594052,-420.304,0.536994,0.341667
16500,1,-0.766747,-419.804,1.22576,0.366
17000,0,1.1426,-418.579,0.00235447,0.423
17500,0,0.316076,-418.996,0.821762,0.348
18000,0,-1.90914,-419.178,0.950943,0.36
18500,0,0.422006,-418.386,0.0692912,0.352
19000,0,-0.192287,-418.609,0.787852,0.36
19500,0,0.431716,-418.43,0.691226,0.342
20000,0,0.459209,-418.112,0.049117,0.362818
20500,0,0.415811,-418.531,0.520743,0.334
21000,0,-0.415886,-418.241,0.835203,0.35
21500,0,-1.71824,-422.202,0.340673,0.386
22000,0,0.954048,-420.472,0.187074,0.362
22500,0,1.11497,-419.366,0.0279733,0.274
23000,0,-0.524259,-421.32,0.174255,0.34425
23500,0,0.999885,-418.857,0.0824528,0.362
24000,0,1.01757,-419.841,0.109787,0.3055
24500,0,0.756792,-418.737,0.380657,0.274
25000,0,0.463468,-419.449,0.657023,0.277
25500,0,0.695765,-420.941,0.409803,0.286
26000,0,0.827839,-420.307,0.29493,0.272
26500,0,0.307658,-419.608,0.818405,0.304
27000,0,1.09839,-420.207,0.0214631,0.299
27500,0,0.658327,-420.634,0.456285,0.276
28000,0,0.0773483,-421.197,1.02377,0.276
28500,0,0.243386,-419.499,0.878167,0.304
29000,0,1.0712,-420.414,0.0485723,0.334
29500,0,0.915359,-419.7,0.204864,0.298
30000,0,1.06707,-418.746,0.075877,0.359533
30500,0,0.852556,-420.041,0.287806,0.322
31000,0,0.611459,-418.591,0.152356,0.369625
31500,0,0.764494,-419.765,0.0571227,0.398
32000,0,0.36409,-418.616,0.766556,0.396
32500,0,-0.112739,-421.568,0.222764,0.386
33000,0,0.586758,-418.861,0.127758,0.366316
33500,0,1.03314,-420.473,0.0014527,0.378
34000,0,0.565284,-418.436,0.339758,0.371
34500,0,-1.36092,-420.089,2.25966,0.36
35000,0,0.817077,-419.854,0.160802,0.364
35500,0,1.03216,-419.21,0.114301,0.28
36000,0,0.691258,-419.915,0.447853,0.291
36500,0,0.701626,-419.777,0.433752,0.326
37000,0,0.818167,-418.153,0.0786509,0.353857
37500,0,-0.628912,-418.708,1.01543,0.334
38000,0,0.717274,-418.672,0.0529958,0.351
38500,1,-3.07565,-421.774,0.864956,0.334
39000,0,0.361076,-420.138,0.703948,0.35
39500,0,-0.0816451,-419.06,0.322179,0.366
40000,0,0.901196,-419.789,0.221734,0.279
40500,0,0.726992,-419.689,0.397737,0.316
41000,0,0.848273,-420.658,0.257883,0.345
41500,0,0.860076,-419.096,0.267366,0.27
42000,0,0.870328,-419.06,0.263575,0.256
42500,0,0.893845,-419.416,0.226579,0.282
43000,0,0.386938,-419.41,0.115863,0.3555
43500,0,0.870098,-419.1,0.046277,0.366
44000,0,-1.63741,-418.438,2.5272,0.367
44500,0,-0.986289,-420.573,2.03502,0.338
45000,0,0.669916,-418.44,0.0644576,0.370833
45500,0,-0.85561,-418.983,0.747239,0.376
46000,0,-0.322706,-419.393,0.411013,0.364
46500,0,0.213981,-418.209,0.528452,0.376
47000,0,0.945255,-420.148,0.16819,0.357333
47500,0,0.242291,-420.431,0.496085,0.316
48000,0,-1.24583,-418.91,1.1687,0.3535
48500,0,0.590991,-419.584,0.134381,0.382
49000,0,0.386961,-419.52,0.367825,0.372
49500,0,-1.44661,-418.743,0.0555006,0.35
50000,0,0.529935,-420.399,0.588324,0.279333
50500,0,1.09984,-423.219,0.00315702,0.224
51000,0,1.1193,-420.988,0.0118823,0.257
51500,0,0.973075,-419.509,0.146476,0.288
52000,0,-0.952777,-419.754,2.06705,0.288
52500,0,0.44066,-419.562,0.679496,0.264
53000,0,0.903921,-420.613,0.201935,0.275545
53500,0,0.873065,-419.391,0.25211,0.288
54000,0,0.263376,-418.628,0.467137,0.356143
54500,0,0.438429,-419.274,0.141673,0.36
55000,0,0.125775,-419.606,0.999132,0.2835
55500,0,0.994156,-420.936,0.112008,0.336
56000,0,1.04067,-419.231,0.0842869,0.31225
56500,0,1.13546,-418.926,0.000606879,0.314
57000,0,1.09847,-418.683,0.0347731,0.317
57500,0,0.791847,-418.426,0.344225,0.312
58000,0,1.09193,-418.179,0.0521452,0.3385
58500,0,-0.00535598,-418.615,1.14601,0.312
59000,0,-0.000286286,-419.652,1.13539,0.317
59500,0,0.68791,-420.444,0.446762,0.298
60000,0,1.02066,-418.76,0.120843,0.307
60500,0,0.921749,-420.149,0.212988,0.302
61000,0,0.955672,-419.637,0.170795,0.3085
61500,0,1.05727,-418.707,0.0783681,0.278
62000,0,0.333315,-421.719,0.784292,0.315
62500,0,-0.620345,-419.205,1.74588,0.25
63000,0,0.992356,-419.144,0.133838,0.266
63500,0,1.07963,-419.547,0.0409421,0.286
64000,0,0.864435,-421.867,0.00458179,0.33125
64500,0,0.377307,-418.941,0.0640089,0.35
65000,0,0.93036,-421.115,0.188986,0.2929
65500,0,-0.749556,-420.494,1.87799,0.302
66000,0,-1.73692,-419.82,2.86021,0.271
66500,0,0.915653,-419.518,0.211767,0.298
67000,0,0.950812,-420.766,0.154606,0.27425
67500,0,1.08177,-421.996,0.00363966,0.196
68000,0,-0.0564213,-419.27,0.184607,0.349
68500,0,0.961468,-420.449,0.175641,0.352
69000,0,1.00594,-420.116,0.113152,0.2565
69500,0,0.734516,-421.448,0.380118,0.284
70000,0,0.969071,-420.539,0.150795,0.264
70500,0,0.555807,-420.133,0.554806,0.222
71000,0,0.750983,-420.259,0.365464,0.335273
71500,0,-0.872671,-420.714,1.97337,0.314
72000,0,1.00172,-419.317,0.131196,0.273
72500,0,0.810092,-420.628,0.294112,0.316
73000,0,0.10415,-420.292,1.0199,0.253333
73500,0,0.847177,-420.166,0.26407,0.284
74000,0,0.33173,-420.038,0.776848,0.283
74500,0,0.858654,-420.48,0.259899,0.284
75000,0,1.10086,-419.438,0.0229382,0.291
75500,0,1.08354,-419.961,0.0359155,0.294
76000,0,1.12355,-419.067,0.0111196,0.2815
76500,0,0.545629,-418.434,0.594296,0.274
77000,0,0.675518,-420.246,0.464598,0.349222
77500,0,0.10598,-419.945,0.581492,0.324
78000,0,0.179457,-421.151,0.917759,0.27
78500,0,0.467424,-421.056,0.643896,0.234
79000,0,0.146332,-418.197,0.994243,0.284667
79500,0,0.629364,-419.689,0.507806,0.284
80000,0,0.611712,-419.311,0.524978,0.303
80500,0,0.891343,-418.856,0.252867,0.378
81000,0,0.578088,-419.36,0.543174,0.273467
81500,0,1.06259,-419.713,0.0538513,0.27
82000,0,0.805033,-419.9,0.313515,0.264
82500,0,0.511637,-419.74,0.606607,0.256
83000,0,1.10537,-420.394,0.0208184,0.2756
83500,0,1.00345,-420.381,0.113171,0.292
84000,0,0.404591,-419.956,0.715678,0.3
84500,0,0.855238,-418.81,0.278423,0.286
85000,1,-0.869473,-419.12,1.55892,0.315
85500,0,0.943107,-419.102,0.181979,0.298
86000,0,0.761311,-419.126,0.369958,0.301
86500,0,0.891404,-419.214,0.232975,0.288
87000,0,1.1002,-421.965,0.0143092,0.271
87500,0,0.581719,-421.975,0.533803,0.298
88000,1,-1.40507,-421.901,0.115767,0.31
88500,0,0.824966,-420.809,0.276816,0.268
89000,0,1.10434,-420.558,0.00144083,0.256
89500,0,0.933401,-420.625,0.177817,0.284
90000,0,0.758332,-418.865,0.369077,0.29625
90500,0,0.502488,-418.774,0.626755,0.238
91000,0,0.730047,-418.327,0.184469,0.355857
91500,0,-0.15596,-420.692,0.184148,0.372
92000,0,0.708923,-419.05,0.434991,0.334
92500,0,0.413793,-421.073,0.722756,0.262
93000,0,0.780599,-420.128,0.332456,0.288538
93500,0,0.770676,-421.303,0.35199,0.302
94000,0,0.795891,-422.734,0.2817,0.275
94500,0,0.843472,-422.838,0.269466,0.258
95000,0,0.608743,-423.542,0.47431,0.297
95500,0,1.01552,-422.075,0.083278,0.308
96000,0,-0.0589789,-418.97,0.685896,0.36575
96500,0,-1.46449,-418.472,0.287321,0.372
97000,0,0.815642,-419.121,0.241169,0.361
97500,0,-0.8704,-418.267,1.79916,0.402
98000,0,0.796746,-420.438,0.318349,0.282556
98500,0,0.740305,-419.331,0.296099,0.348
99000,0,-3.0334,-418.218,0.647539,0.364
99500,0,-1.19846,-418.52,0.846979,0.388
100000,0,0.528474,-420.036,0.507763,0.375
100500,0,-0.25993,-418.549,0.944384,0.388
101000,0,-0.565805,-418.913,1.25266,0.373
101500,0,0.873032,-420.506,0.220236,0.322
102000,0,0.78361,-419.187,0.169957,0.353
102500,0,-0.680863,-419.588,0.34551,0.418
103000,0,0.847983,-418.272,0.00434096,0.384
103500,0,0.852106,-419.114,0.294745,0.336
104000,0,1.14222,-419.953,0.000702257,0.334
104500,0,0.547158,-423.838,0.582061,0.266
105000,0,1.04597,-419.253,0.0833867,0.263
105500,0,1.12346,-418.334,0.0152197,0.292
106000,0,0.89706,-418.657,0.244775,0.278
106500,0,0.752735,-418.187,0.388449,0.302
107000,0,0.709685,-419.373,0.423597,0.291
107500,0,0.93865,-420.333,0.17494,0.26
108000,0,0.312493,-418.499,0.822737,0.295333
108500,0,0.353635,-418.385,0.785124,0.302
109000,0,1.11092,-418.604,0.0263549,0.321
109500,0,1.02646,-419.464,0.110012,0.304
110000,0,-0.821111,-419.886,0.534947,0.361923
110500,0,0.822592,-419.417,0.192983,0.34
111000,0,-0.0691664,-420.048,1.18756,0.296
111500,0,1.09615,-419.184,0.0278911,0.248
112000,0,0.97886,-420.099,0.133546,0.2754
112500,0,0.3381,-419.318,0.787664,0.268
113000,0,0.106512,-419.162,1.02216,0.2625
113500,0,1.0375,-419.175,0.0937366,0.288
114000,0,-0.0155072,-419.238,1.13987,0.2855
114500,0,0.615631,-418.984,0.518641,0.316
115000,0,0.700567,-419.552,0.427734,0.312
115500,0,0.630121,-419.807,0.499349,0.274
116000,0,0.905628,-419.219,0.233055,0.268
116500,0,0.830413,-418.857,0.298304,0.31
117000,0,0.52251,-418.864,0.180107,0.338136
117500,0,0.882345,-420.149,0.255975,0.36
118000,0,0.458026,-418.431,0.106032,0.347
118500,0,0.105859,-419.792,0.560412,0.316
119000,0,0.858368,-424.528,0.262533,0.331
119500,0,0.585991,-418.826,0.455468,0.354
120000,0,-0.0653081,-420.164,0.662056,0.353
120500,0,-1.06644,-420.266,1.61864,0.35
121000,0,0.782875,-418.391,0.362335,0.382
121500,0,1.11856,-418.391,0.027729,0.29
122000,0,0.0346551,-419.178,1.09305,0.291889
122500,0,0.530497,-419.07,0.599479,0.236
123000,0,-0.846984,-418.551,0.0114991,0.36
123500,0,0.265455,-418.266,0.619887,0.416
124000,0,-1.06761,-419.435,0.149233,0.393
124500,0,-0.793917,-418.319,1.54248,0.336
125000,0,0.760942,-418.691,0.30105,0.343
125500,0,-0.986014,-418.321,0.0389863,0.338
126000,0,-2.68846,-419.426,0.800135,0.353
126500,0,0.948744,-418.973,0.0291812,0.352
127000,0,0.00878101,-418.491,1.12798,0.305
127500,0,0.35028,-418.601,0.787432,0.324
128000,0,1.08521,-419.388,0.0485427,0.329
128500,0,1.12106,-418.992,0.0127629,0.308
129000,0,1.05843,-419.688,0.0646236,0.286538
129500,0,0.937797,-419.406,0.182951,0.24
130000,0,1.05019,-418.943,0.0902028,0.289
130500,0,1.10774,-419.575,0.023899,0.3
131000,0,1.01231,-418.97,0.127735,0.336
131500,0,0.591097,-418.449,0.54631,0.344
132000,0,0.491156,-422.423,0.59677,0.255
132500,0,0.00965465,-424.879,1.0992,0.266
133000,0,0.811945,-419.05,0.317883,0.259
133500,0,-0.499027,-423.363,1.60155,0.29
134000,0,1.02926,-422.829,0.112857,0.272
134500,0,0.571912,-419.368,0.566587,0.322
135000,0,-0.466774,-419.022,1.51497,0.370444
135500,0,0.565557,-418.731,0.554597,0.374
136000,0,0.810294,-418.712,0.327945,0.381
136500,0,0.617893,-421.077,0.0659401,0.342
137000,0,-0.875405,-418.959,0.0832801,0.33
137500,0,-1.39211,-420.021,1.70498,0.402
138000,0,1.06553,-419.481,0.0560932,0.294286
138500,0,0.802769,-418.399,0.334539,0.322
139000,0,0.983255,-419.285,0.150326,0.317
139500,0,1.05252,-419.025,0.0856,0.296
140000,0,0.689098,-418.822,0.45156,0.276
140500,0,1.00205,-421.21,0.125876,0.32
141000,0,0.196215,-422.341,0.912614,0.282263
141500,0,0.878839,-418.893,0.257549,0.26
142000,0,0.458748,-418.712,0.678875,0.288
142500,0,0.00519843,-418.543,1.12828,0.304
143000,0,0.653304,-419.407,0.469843,0.269
143500,0,-0.866073,-419.351,1.99188,0.288
144000,0,0.624769,-418.981,0.52056,0.3
144500,0,0.659541,-419.012,0.481285,0.322
145000,0,0.84301,-421.975,0.29462,0.316
145500,0,0.0479602,-418.643,1.09277,0.306
146000,0,0.143466,-418.826,0.998999,0.277
146500,0,0.798562,-421.448,0.334394,0.32
147000,0,0.711924,-419.782,0.0782967,0.359
147500,0,0.700691,-418.194,0.232664,0.366
148000,0,0.100058,-419.22,0.327998,0.369
148500,0,-0.1437,-419.128,0.0828493,0.394
149000,0,0.707801,-418.73,0.163661,0.374
149500,0,-0.0333259,-419.485,0.583245,0.354
150000,0,0.316576,-420.447,0.220575,0.342
150500,0,0.177791,-418.442,0.888986,0.418
151000,0,0.817061,-419.904,0.294485,0.292941
151500,0,-0.0873949,-420.025,1.19669,0.248
152000,0,1.09757,-420.033,0.022632,0.247
152500,0,0.546031,-419.68,0.569776,0.272
153000,0,0.121289,-418.163,0.379815,0.355667
153500,0,0.164455,-419.88,0.880896,0.304
154000,0,-0.356444,-418.601,1.29112,0.345
154500,0,0.520944,-418.186,0.17658,0.396
155000,0,0.5806,-419.994,0.0930949,0.366
155500,0,-0.147049,-418.309,0.337085,0.358
156000,0,-0.276255,-418.287,0.418913,0.363
156500,0,0.841319,-418.591,0.2746,0.39
157000,0,-1.46996,-419.159,0.82673,0.387
157500,0,0.0235523,-419.837,0.858372,0.366
158000,0,-0.341102,-418.954,0.938022,0.379
158500,0,0.0720643,-419.336,0.172471,0.366
159000,0,0.745732,-418.6,0.38663,0.294125
159500,0,0.601353,-419.027,0.532591,0.292
160000,0,0.995789,-421.385,0.106218,0.299
160500,0,0.536398,-419.821,0.582299,0.286
161000,0,0.70702,-419.805,0.412379,0.258
161500,0,-1.00777,-419.27,2.13244,0.31
162000,0,0.941743,-419.873,0.181335,0.290312
162500,0,1.01873,-419.674,0.09801,0.26
163000,0,0.943453,-419.255,0.178174,0.278
163500,0,-0.192488,-419.496,1.3226,0.286
164000,0,1.03664,-419.301,0.0880254,0.305
164500,0,0.720744,-419.16,0.402304,0.306
165000,0,0.872236,-418.389,0.270602,0.356429
165500,0,1.12666,-418.421,0.0166534,0.344
166000,0,0.894849,-418.923,0.240441,0.323
166500,0,-0.400436,-419.08,1.53507,0.312
167000,0,0.33396,-421.602,0.769014,0.296167
167500,0,0.4582,-420.09,0.666143,0.298
168000,0,0.482549,-420.93,0.62204,0.286
168500,0,1.04503,-419.766,0.0678736,0.268
169000,0,0.866653,-421.04,0.242029,0.266
169500,0,-1.12415,-419.889,2.2486,0.274
170000,0,0.287036,-420.115,0.820186,0.269
170500,0,0.65409,-419.872,0.467978,0.292
171000,0,1.05018,-418.729,0.0872284,0.292684
171500,0,0.908275,-419.502,0.220081,0.338
172000,0,0.976827,-419.911,0.144965,0.298
172500,0,0.538727,-419.67,0.585475,0.242
173000,0,0.9174,-418.945,0.221645,0.28
173500,0,0.254917,-418.641,0.879774,0.332
174000,0,0.93588,-419.942,0.184141,0.306
174500,0,0.299304,-418.889,0.8334,0.318
175000,0,0.689408,-420.252,0.432651,0.29
175500,0,1.02138,-419.85,0.108347,0.298
176000,0,1.07875,-419.792,0.0459566,0.321
176500,0,0.915727,-421.341,0.185328,0.254
177000,0,0.89242,-421.028,0.214124,0.299182
177500,0,0.966387,-418.97,0.166673,0.26
178000,0,0.884162,-420.445,0.232157,0.312071
178500,0,0.0857847,-418.78,0.588348,0.34
179000,0,0.875693,-419.034,0.25687,0.2855
179500,0,1.10234,-419.158,0.0290214,0.314
180000,0,-1.94275,-419.65,3.06005,0.2782
180500,0,1.0512,-421.485,0.0438321,0.226
181000,0,0.238196,-420.585,0.878225,0.2798
181500,0,0.557429,-420.25,0.584657,0.29
182000,0,1.06306,-418.931,0.0722171,0.291
182500,0,0.917273,-419.354,0.215465,0.336
183000,0,-0.403541,-423.774,1.1505,0.316
183500,0,0.777689,-419.201,0.121741,0.34
184000,0,-0.422549,-419.116,0.875414,0.359
184500,0,0.910082,-420.021,0.140323,0.378
185000,0,-2.93631,-418.472,2.76105,0.321
185500,0,-0.175894,-419.061,0.273862,0.354
186000,0,0.401616,-418.656,0.301911,0.3695
186500,0,0.468376,-420.157,0.50025,0.352
187000,0,0.51794,-420.903,0.299119,0.3625
187500,0,1.05542,-418.642,0.0711071,0.372
188000,0,0.420778,-418.564,0.454927,0.3605
188500,0,0.75659,-421.357,0.151704,0.362
189000,0,0.986014,-418.932,0.151165,0.296111
189500,0,0.890268,-421.693,0.235059,0.286
190000,0,0.652295,-418.617,0.484197,0.284
190500,0,0.851672,-418.631,0.284322,0.298
191000,0,0.987386,-418.802,0.150934,0.296
191500,0,1.05593,-418.772,0.0749143,0.234
192000,0,0.43192,-419.595,0.125502,0.362714
192500,0,0.674856,-418.895,0.387399,0.358
193000,0,0.594408,-418.961,0.283567,0.367
193500,0,0.470076,-423.36,0.422832,0.344
194000,0,-2.31823,-419.352,2.66556,0.351
194500,0,1.0036,-419.625,0.0905645,0.372
195000,0,1.0069,-421.741,0.108944,0.275
195500,0,1.06963,-418.904,0.0582448,0.252
196000,0,0.805623,-420.633,0.235265,0.356375
196500,0,-0.113069,-418.734,0.267282,0.316
197000,0,0.560678,-419.099,0.0192124,0.335
197500,0,-0.389782,-421.459,0.102108,0.35
198000,0,0.872991,-419.48,0.251037,0.274
198500,0,0.457188,-419.246,0.667336,0.286
199000,0,0.415579,-418.567,0.719532,0.277
199500,0,0.566295,-418.935,0.564195,0.29
200000,0,-2.31237,-418.471,1.92634,0.361857
200500,0,0.935449,-418.909,0.207026,0.332
201000,0,0.586782,-418.217,0.40866,0.354714
201500,0,0.522101,-418.571,0.51736,0.39
202000,0,1.0571,-418.942,0.0615431,0.402
202500,0,-1.09178,-418.231,0.643111,0.404
203000,0,-0.452081,-418.114,0.254611,0.397
203500,0,0.153286,-418.385,0.489456,0.378
204000,0,0.832222,-421.236,0.184821,0.399
204500,0,0.814656,-419.805,0.0393446,0.352
205000,0,0.552457,-418.536,0.583536,0.302
205500,0,0.579743,-420.018,0.540643,0.318
206000,0,0.534031,-419.195,0.592226,0.273
206500,0,0.705424,-419.352,0.426984,0.298
207000,0,0.809792,-420.776,0.325958,0.3168
207500,0,1.00267,-418.567,0.13463,0.28
208000,0,0.99384,-418.619,0.142334,0.288
208500,0,0.251842,-418.7,0.887326,0.296
209000,0,0.826299,-419.568,0.312362,0.273
209500,0,0.978076,-418.264,0.163952,0.302
210000,0,0.0453589,-420.374,1.07151,0.2615
210500,0,0.272091,-420.559,0.844447,0.278
211000,0,0.47764,-423.44,0.595962,0.249
211500,0,0.836811,-421.059,0.279621,0.244
212000,0,-0.117138,-418.895,0.87332,0.368875
212500,0,0.88619,-419.479,0.0107424,0.334
213000,0,0.973071,-422.491,0.129045,0.251
213500,0,0.888512,-423.582,0.179818,0.27
214000,0,0.0631452,-420.913,1.03837,0.261
214500,0,1.04012,-421.587,0.0687535,0.294
215000,0,0.195627,-418.187,0.355658,0.355133
215500,0,0.180624,-418.374,0.40922,0.376
216000,0,0.772249,-419.207,0.292487,0.366
216500,0,0.511111,-418.371,0.447761,0.37
217000,0,1.00902,-419.518,0.116854,0.29175
217500,0,0.896373,-420.033,0.23318,0.272
218000,0,0.4294,-418.818,0.671852,0.3525
218500,0,-0.301405,-418.855,0.834014,0.394
219000,0,-1.25971,-418.889,0.246551,0.375
219500,0,0.873687,-421.172,0.254713,0.37
220000,0,0.791672,-419.299,0.333599,0.276667
220500,0,0.10408,-418.453,1.03152,0.266
221000,0,0.614035,-418.894,0.196041,0.3615
221500,0,0.0551091,-419.494,0.65621,0.38
222000,0,0.856921,-420.638,0.242885,0.376
222500,0,-0.147802,-420.518,1.11155,0.33
223000,0,0.276023,-419.927,0.835626,0.280667
223500,0,0.968994,-420.391,0.14308,0.268
224000,0,0.782199,-420.512,0.322829,0.262
224500,0,0.909797,-421.451,0.224198,0.298
225000,0,0.967749,-418.526,0.170931,0.3034
225500,0,1.0145,-419.644,0.116532,0.288
226000,0,1.11772,-418.205,0.0237114,0.294
226500,0,1.1011,-418.909,0.0317888,0.316
227000,0,0.239321,-418.81,0.897881,0.306
227500,0,1.00713,-419.16,0.120759,0.26
228000,0,0.904102,-418.404,0.232518,0.350063
228500,0,1.04916,-420.484,0.0862675,0.306
229000,0,0.245407,-421.056,0.878982,0.282
229500,0,0.723738,-419.202,0.417833,0.268
230000,0,-0.143334,-418.575,1.28436,0.289
230500,0,0.220089,-418.418,0.742375,0.304
231000,0,-1.75154,-419.879,2.71533,0.333
231500,0,0.78907,-419.04,0.13305,0.352
232000,0,0.409152,-419.228,0.0497466,0.365
232500,0,0.477815,-419.733,0.487991,0.336
233000,0,0.694768,-418.328,0.443525,0.307364
233500,0,0.149937,-419.417,0.976861,0.29
234000,0,1.01004,-420.183,0.109183,0.292
234500,0,0.0331031,-418.677,1.09851,0.29
235000,0,1.03422,-419.355,0.0887246,0.291125
235500,0,1.08785,-419.262,0.0358124,0.23
236000,0,0.768527,-419.209,0.364723,0.368
236500,0,-0.832675,-418.646,0.0408757,0.354
237000,0,0.790763,-418.404,0.346925,0.288667
237500,0,1.11202,-419.278,0.021512,0.304
238000,0,0.629303,-418.546,0.516655,0.29
238500,0,0.331289,-418.357,0.812948,0.286
239000,0,0.691867,-421.186,0.452035,0.303
239500,0,0.972515,-419.397,0.0721341,0.32
240000,0,0.97877,-419.375,0.0759127,0.345
240500,1,-0.376306,-420.366,0.670798,0.354
241000,0,-0.0947311,-419.432,1.21602,0.281294
241500,0,-0.294061,-419.49,1.41745,0.272
242000,1,0.873204,-420.572,0.873521,0.373833
242500,0,0.109533,-418.397,0.744125,0.348
243000,0,0.170376,-418.578,0.757627,0.377
243500,0,-0.657281,-418.641,1.35546,0.386
244000,0,0.791855,-418.515,0.0179437,0.3635
244500,0,0.761375,-418.828,0.383859,0.356
245000,0,0.467147,-419.558,0.672758,0.361
245500,0,-0.594015,-420.375,0.614505,0.356
246000,0,0.803673,-420.525,0.204105,0.354333
246500,0,0.93225,-419.477,0.0529834,0.35
247000,0,0.787385,-419.192,0.0976235,0.371
247500,0,0.904506,-419.004,0.0438161,0.33
248000,0,-1.49888,-418.748,0.179081,0.359
248500,0,0.114756,-418.979,0.792044,0.376
249000,0,-0.287653,-418.327,0.208856,0.37125
249500,0,0.371463,-418.161,0.384886,0.36
250000,0,0.278347,-420.23,0.84516,0.296462
250500,0,1.02333,-418.878,0.106985,0.276
251000,0,0.900612,-418.852,0.190127,0.3545
251500,0,0.0577432,-421.162,1.07681,0.392
252000,0,1.10625,-422.127,0.00829178,0.3095
252500,0,-1.12558,-419.63,2.25116,0.31
253000,0,1.11133,-418.704,0.020964,0.304
253500,0,0.129767,-420.86,1.00658,0.316
254000,0,0.828271,-419.783,0.300381,0.296308
254500,0,0.898246,-422.681,0.184866,0.228
255000,0,0.434856,-419.555,0.661091,0.371143
255500,0,-0.779912,-418.376,0.478253,0.352
256000,0,0.422047,-419.821,0.500197,0.36
256500,0,-0.696655,-420.542,0.702057,0.376
257000,1,0.271275,-414.086,0.327487,0.388
257500,1,-1.44621,-415.582,0.238408,0.424
258000,1,-2.70153,-416.055,0.406458,0.2965
258500,0,0.390746,-423.246,0.681823,0.35
259000,0,0.0895302,-422.086,1.02281,0.3075
259500,0,1.06911,-420.548,0.0493839,0.24
260000,0,0.223071,-419.505,0.897686,0.26
260500,0,0.762079,-421.853,0.331353,0.258
261000,0,1.02213,-420.931,0.107795,0.251
261500,0,0.016106,-419.2,1.10962,0.328
262000,0,0.532928,-420.481,0.585846,0.2745
262500,0,0.841099,-421.672,0.269079,0.286
263000,0,0.940104,-420.689,0.176651,0.285
263500,0,1.10802,-419.6,0.00730963,0.25
264000,1,-2.23137,-409.921,0.935015,0.296
264500,1,-4.43562,-407.823,0.720424,0.262
265000,1,-3.26256,-411.569,1.78074,0.272
265500,1,-1.93938,-412.825,0.763208,0.28
266000,1,-3.00621,-409.696,0.51897,0.264
266500,1,-4.36483,-408.432,1.53149,0.268
267000,0,-0.108757,-420.102,1.22383,0.301
267500,0,0.490753,-420.146,0.630759,0.306
268000,0,0.735421,-420.239,0.382554,0.28
268500,0,0.225215,-419.829,0.898449,0.3
269000,0,0.196218,-419.788,0.922427,0.303
269500,0,-0.216001,-420.05,1.32429,0.244
270000,0,1.10297,-423.823,3.48118e-005,0.292
270500,0,0.338606,-424.736,0.72458,0.31
271000,0,-1.68103,-420.317,2.79535,0.2575
271500,0,-2.52626,-420.191,3.63487,0.294
272000,0,-0.01952,-419.163,0.7051,0.351
272500,0,0.409998,-419.382,0.391708,0.372
273000,0,0.593765,-424.015,0.490203,0.285
273500,0,0.520569,-423.653,0.578721,0.26
274000,0,0.421341,-418.904,0.448686,0.348
274500,0,0.447843,-419.052,0.0291601,0.31
275000,0,-0.0967115,-418.989,1.19397,0.345
275500,0,0.069009,-418.531,1.01002,0.338
276000,0,-0.457256,-418.387,0.652795,0.354
276500,0,0.301053,-418.528,0.191304,0.4
277000,0,0.851249,-420.241,0.248273,0.369
277500,0,0.0772401,-418.278,0.655952,0.396
278000,0,0.238033,-418.934,0.177639,0.391
278500,0,0.0751238,-419.044,0.150695,0.368
279000,0,0.163388,-418.56,0.269179,0.38
279500,0,0.00814821,-419.023,0.0851502,0.372
280000,0,0.705713,-418.461,0.43862,0.29
280500,0,0.663251,-418.797,0.472547,0.332
281000,0,-0.237578,-419.39,1.36663,0.301
281500,0,-0.406823,-419.883,1.53134,0.282
282000,0,0.982907,-418.593,0.151206,0.296
282500,0,0.95711,-419.071,0.169667,0.276
283000,0,0.193263,-418.386,0.771101,0.321833
283500,0,-1.62689,-418.795,0.92994,0.382
284000,0,-1.00894,-419.211,0.116507,0.363
284500,0,0.602298,-418.791,0.258815,0.36
285000,0,0.566362,-418.582,0.11273,0.392
285500,0,-1.94429,-418.222,3.0161,0.428
286000,0,0.51041,-418.901,0.149786,0.348514
286500,0,-0.0373569,-418.294,0.338373,0.364
287000,0,-0.26929,-418.472,1.30175,0.3915
287500,1,0.866522,-421.152,0.25565,0.42
288000,0,0.441337,-422.316,0.618783,0.36
288500,0,0.0826594,-419.394,0.956124,0.344
289000,0,0.944431,-418.42,0.185916,0.3765
289500,0,-0.340601,-418.503,0.0215956,0.378
290000,0,-0.00213803,-421.951,1.02487,0.368875
290500,0,-0.275136,-418.703,0.265765,0.312
291000,0,-0.758947,-422.638,0.481143,0.378
291500,0,0.658195,-418.617,0.0595563,0.368
292000,0,-1.77066,-418.568,0.0409723,0.344
292500,0,0.107407,-419.358,0.748666,0.348
293000,0,0.370025,-419.147,0.742378,0.366
293500,0,-0.14015,-419.944,1.24019,0.392
294000,0,0.508876,-418.316,0.206563,0.376
294500,0,0.724064,-419.451,0.417463,0.316
295000,0,-1.72212,-421.94,2.79811,0.345
295500,0,0.00470342,-419.703,0.745801,0.33
296000,0,0.546263,-418.744,0.544479,0.34
296500,0,-0.134518,-418.552,1.17594,0.342
297000,0,0.303512,-419.307,0.35977,0.3615
297500,0,-0.0122727,-421.899,0.493573,0.376
298000,0,-0.126501,-419.333,1.1575,0.344
298500,0,1.10961,-418.353,0.0372292,0.412
299000,0,1.09161,-419.892,0.0224453,0.381
299500,0,0.910197,-419.612,0.231824,0.368
300000,0,0.274865,-418.781,0.846996,0.355
300500,0,1.08995,-419.122,0.0529992,0.322
301000,0,0.39541,-419.347,0.739203,0.335
301500,0,0.660106,-419.856,0.125761,0.298
302000,0,0.965547,-418.306,0.0837751,0.347
302500,0,-0.169165,-418.158,0.0182224,0.378
303000,0,-1.95935,-418.852,3.10365,0.362615
303500,0,1.04919,-418.711,0.0567756,0.364
304000,0,0.0240215,-418.197,0.923452,0.38
304500,0,-0.567995,-418.985,0.937319,0.374
305000,0,-0.670723,-420.617,0.877445,0.358
305500,0,0.740511,-418.318,0.160647,0.366
306000,0,0.995573,-419.218,0.145765,0.369
306500,0,-0.576448,-418.248,1.52531,0.348
307000,0,-0.500366,-418.83,0.706021,0.3664
307500,1,-0.248671,-419.676,1.57385,0.414
308000,0,0.922828,-419.065,0.210559,0.36175
308500,0,-0.0887471,-418.272,0.8223,0.316
309000,0,-1.03977,-418.285,1.78376,0.338
309500,0,0.852175,-419.277,0.278185,0.368
310000,0,0.193383,-419.495,0.75999,0.351
310500,0,1.04099,-422.204,0.0910291,0.332
311000,0,-1.44275,-421.766,0.509378,0.360542
311500,0,0.127078,-418.316,0.16269,0.366
312000,0,-0.405427,-423.419,0.329,0.358333
312500,0,0.804553,-418.447,0.34227,0.3
313000,0,-0.156142,-418.288,0.499155,0.365333
313500,0,-0.224641,-418.181,0.670001,0.408
314000,0,-0.602049,-420.268,0.371799,0.342
314500,0,0.362272,-420.941,0.234372,0.346
315000,0,0.858542,-420.179,0.104135,0.35
315500,0,-0.695221,-419.363,0.0456554,0.33
316000,0,1.03351,-418.352,0.00351812,0.356
316500,0,-0.100892,-419.54,0.284301,0.376
317000,0,-0.168698,-418.582,0.554722,0.356
317500,0,-0.0360242,-418.982,0.492988,0.4
318000,0,-1.88037,-418.167,1.80588,0.3475
318500,0,-0.354857,-421.384,0.973574,0.342
319000,0,0.926583,-420.692,0.164225,0.327
319500,0,0.936404,-420.955,0.136154,0.376
320000,0,0.0849898,-419.54,0.0386879,0.357889
320500,0,0.29549,-420.165,0.729762,0.364
321000,0,-0.586151,-420.611,0.73655,0.368143
321500,0,0.352091,-423.639,0.532234,0.3
322000,0,0.951657,-420.2,0.191991,0.342
322500,0,1.09027,-418.626,0.0538786,0.284
323000,0,1.10247,-418.782,0.0422145,0.32
323500,0,0.920307,-418.607,0.223239,0.284
324000,0,-0.512065,-418.316,0.942815,0.297
324500,0,0.761397,-419.688,0.351239,0.35
325000,0,0.827224,-418.374,0.0791496,0.381
325500,0,0.550305,-418.771,0.159477,0.408
326000,0,0.561647,-420.915,0.567994,0.391
326500,0,0.693659,-421.63,0.272581,0.354
327000,0,0.790523,-419.233,0.329693,0.345
327500,0,0.0798224,-419.043,0.516101,0.38
328000,0,0.487029,-419.209,0.0530129,0.371667
328500,0,-0.104029,-418.54,0.150591,0.364
329000,0,0.856401,-419.146,0.261483,0.334
329500,0,0.171765,-418.495,0.569331,0.346
330000,0,-0.0427307,-418.749,0.112565,0.368
330500,0,-0.647429,-418.637,0.908525,0.332
331000,0,0.900756,-419.174,0.172069,0.356143
331500,0,-0.696738,-419.284,1.49896,0.346
332000,0,0.306192,-418.211,0.572853,0.35
332500,0,-1.33619,-418.306,0.794361,0.348
333000,0,0.46986,-418.578,0.644617,0.353
333500,0,0.210271,-418.127,0.144375,0.372
334000,0,0.212,-418.459,0.705601,0.355846
334500,0,1.02796,-419.378,0.0461178,0.348
335000,0,0.913131,-422.511,0.166589,0.3594
335500,0,0.558281,-418.109,0.0115708,0.374
336000,0,0.122294,-418.677,0.671454,0.353
336500,0,-0.00207412,-419.599,1.05166,0.338
337000,0,1.12555,-418.936,0.0181581,0.347
337500,0,-0.560895,-421.054,0.459109,0.368
338000,0,1.0866,-419.016,0.0292805,0.3555
338500,0,-0.161995,-418.41,0.455749,0.362
339000,0,0.990612,-420.53,0.111757,0.337
339500,0,0.445297,-418.591,0.592802,0.39
340000,0,0.171505,-420.111,0.174041,0.389
340500,0,-2.83712,-418.489,0.975045,0.376
341000,0,-0.5743,-418.957,1.59529,0.354
341500,0,-0.905916,-418.844,0.280586,0.362
342000,0,0.434362,-419.09,0.622323,0.382
342500,0,-2.65518,-419.866,0.576277,0.384
343000,0,0.680337,-418.468,0.211918,0.375
343500,0,-0.596761,-418.417,0.437942,0.376
344000,0,0.66779,-418.496,0.0951431,0.342
344500,0,0.967231,-419.091,0.16678,0.35
345000,0,0.297686,-421.975,0.663621,0.34975
345500,0,-0.90834,-419.734,0.359637,0.332
346000,0,-0.0235342,-419.181,0.426302,0.352667
346500,0,0.258511,-418.887,0.637186,0.336
347000,0,0.57078,-420.159,0.476639,0.354
347500,0,0.387429,-419.174,0.0443802,0.344
348000,0,0.789078,-418.998,0.191901,0.363
348500,0,-0.21584,-419.558,1.30807,0.348
349000,0,0.567867,-419.019,0.0744707,0.355
349500,0,-0.0465161,-421.913,0.85097,0.394
350000,0,0.576229,-422.06,0.212162,0.3594
350500,0,0.300959,-418.789,0.536384,0.36
351000,0,-0.372071,-419.833,0.531946,0.348
351500,0,0.498203,-423.066,0.401098,0.33
352000,0,0.207108,-423.251,0.939035,0.337
352500,0,-0.479931,-419.088,0.762579,0.372
353000,0,0.120735,-419.572,0.999973,0.339423
353500,0,0.923696,-418.919,0.207765,0.264
354000,0,0.953984,-418.824,0.190504,0.3482
354500,0,1.05995,-419.518,0.0823193,0.332
355000,0,-0.60512,-418.929,0.753798,0.332
355500,0,0.607888,-418.185,0.121026,0.38
356000,0,1.00321,-419.035,0.123934,0.292333
356500,0,1.08876,-421.896,0.00359243,0.258
357000,0,-0.364756,-421.749,0.102302,0.368
357500,0,1.05428,-419.439,0.0874909,0.354
358000,0,0.927831,-420.393,0.110593,0.361667
358500,0,0.215507,-418.179,0.627973,0.408
359000,0,0.478177,-418.72,0.0742582,0.398
359500,0,1.0849,-418.789,0.0211517,0.38
360000,0,0.197452,-419.924,0.547046,0.36
360500,0,0.843213,-420.088,0.027303,0.338
361000,0,0.675136,-418.528,0.164818,0.3565
361500,0,-1.22011,-420.33,0.691834,0.352
362000,0,-0.360228,-418.781,1.45527,0.355
362500,0,0.570069,-418.25,0.35694,0.356
363000,0,1.06471,-420.325,0.0274656,0.368
363500,0,0.920439,-420.793,0.160759,0.29
364000,0,-1.04161,-418.672,0.422018,0.329
364500,0,1.09523,-418.743,0.032054,0.336
365000,0,0.690708,-419.087,0.4513,0.347
365500,0,0.568975,-418.453,0.208131,0.33
366000,0,0.421633,-419.233,0.704132,0.35
366500,0,-0.430303,-418.8,0.158213,0.342
367000,0,0.783863,-421.104,0.348778,0.35
367500,0,-0.00928856,-420.242,0.621706,0.338
368000,0,1.05042,-418.811,0.0892238,0.345895
368500,0,0.657344,-421.379,0.465017,0.282
369000,0,0.729255,-420.082,0.408243,0.3515
369500,0,0.782467,-418.898,0.12265,0.396
370000,0,0.992368,-419.019,0.149534,0.344
370500,0,0.153265,-418.476,0.112069,0.352
371000,0,1.0456,-419.725,0.00728307,0.354
371500,0,0.0496803,-418.116,0.282308,0.386
372000,0,0.484091,-419.317,0.654629,0.3045
372500,0,0.300866,-418.907,0.835555,0.318
373000,0,0.844153,-419.499,0.292122,0.33
373500,0,0.618082,-419.146,0.515008,0.284
374000,0,0.594307,-418.452,0.547029,0.303
374500,0,0.5753,-419.272,0.56088,0.334
375000,0,0.391239,-418.798,0.750794,0.287
375500,0,0.983043,-418.314,0.158201,0.296
376000,0,-3.134,-420.634,2.99742,0.3548
376500,0,-0.712437,-418.174,0.119104,0.366
377000,0,-3.70826,-418.618,3.2123,0.369
377500,0,-0.540361,-418.461,1.58456,0.318
378000,0,0.585066,-419.757,0.538348,0.282
378500,0,1.00743,-420.131,0.119162,0.292
379000,0,0.780928,-418.56,0.109249,0.3585
379500,0,-0.296411,-419.492,0.243083,0.358
380000,0,0.768628,-419.242,0.358723,0.2965
380500,0,0.980495,-420.193,0.131692,0.312
381000,0,0.66492,-418.977,0.463959,0.284
381500,0,-0.0174474,-419.774,1.13244,0.28
382000,0,0.274174,-418.448,0.551982,0.299808
382500,0,0.116212,-418.556,0.552185,0.366
383000,0,-1.06056,-418.994,0.968858,0.3555
383500,0,-2.11419,-419.014,1.07183,0.352
384000,0,0.526431,-418.881,0.601136,0.271333
384500,0,0.411082,-420.862,0.697683,0.278
385000,0,1.076,-418.995,0.0519696,0.273
385500,0,1.10585,-420.272,0.00858681,0.24
386000,0,0.372025,-418.852,0.759671,0.285
386500,0,0.929614,-419.193,0.198615,0.262
387000,0,0.50624,-426.281,0.103949,0.3482
387500,0,0.212881,-422.542,0.787515,0.366
388000,0,0.900867,-427.323,0.11476,0.3526
388500,0,-0.590333,-418.172,0.605433,0.328
389000,0,0.910924,-418.283,0.0472418,0.337
389500,0,-0.354162,-419.547,0.138647,0.376
390000,0,0.845495,-418.855,0.296767,0.366
390500,0,-0.0509854,-419.835,1.19075,0.368
391000,0,-0.42552,-419.819,0.578847,0.372
391500,0,-0.210797,-419.729,1.14756,0.32
392000,0,0.730332,-418.282,0.258773,0.345
392500,0,-1.886,-418.577,0.712301,0.37
393000,0,0.039499,-420.229,0.297563,0.351
393500,0,1.08603,-419.039,0.0433234,0.352
394000,0,0.248898,-418.146,0.351999,0.365
394500,0,0.866772,-418.726,0.274911,0.362
395000,0,0.374719,-418.348,0.508979,0.377
395500,0,0.315643,-419.991,0.540517,0.334
396000,0,-2.61956,-418.626,0.0478823,0.359
396500,0,0.234058,-420.681,0.649401,0.376
397000,0,0.566467,-418.827,0.533884,0.327541
397500,0,-0.167627,-420.75,0.126725,0.326
398000,0,0.941673,-420.04,0.0168577,0.337
398500,0,-0.0700706,-419.909,0.493255,0.358
399000,0,0.922894,-418.938,0.0382603,0.368
399500,0,0.728515,-418.183,0.28354,0.374
400000,0,0.816911,-423.162,0.286299,0.281714
400500,0,1.00471,-422.419,0.0793699,0.246
401000,0,1.04575,-424.449,0.0171546,0.224
401500,1,-0.377607,-424.523,0.126707,0.204
402000,0,0.13349,-421.923,0.952288,0.27
402500,0,0.936674,-420.142,0.17838,0.302
403000,0,-3.04511,-419.939,0.450538,0.36525
403500,0,1.07169,-418.997,0.0694133,0.348
404000,0,0.668448,-418.366,0.0147562,0.357111
404500,0,0.702229,-418.984,0.0103687,0.394
405000,0,0.631295,-420.271,0.499422,0.278667
405500,0,1.04988,-419.423,0.0752031,0.274
406000,0,0.325838,-418.164,0.757551,0.362
406500,0,-0.0270141,-419.287,0.0672776,0.394
407000,0,0.581976,-419.586,0.554755,0.30375
407500,0,0.840854,-418.239,0.302873,0.308
408000,0,1.0619,-418.339,0.0825072,0.307
408500,0,0.76948,-421.603,0.354331,0.34
409000,0,0.864697,-420.891,0.245568,0.278
409500,0,1.10195,-420.234,0.00457414,0.232
410000,0,1.04,-418.827,0.098412,0.2795
410500,0,0.852261,-418.749,0.278435,0.334
411000,0,0.666002,-418.778,0.464795,0.337
411500,0,1.05508,-418.901,0.0797617,0.292
412000,0,0.822973,-419.008,0.303282,0.283
412500,0,0.971619,-419.667,0.152588,0.268
413000,0,0.0682247,-421.253,0.283135,0.357235
413500,0,0.00871397,-419.695,1.01809,0.374
414000,0,0.8313,-418.885,0.299382,0.2785
414500,0,0.183295,-420.976,0.93084,0.31
415000,0,0.876909,-419.225,0.250509,0.295
415500,0,-0.176231,-423.569,1.26355,0.298
416000,0,0.164103,-420,0.945662,0.269
416500,0,1.03343,-420.315,0.0894812,0.27
417000,0,0.0709192,-419.399,1.05264,0.265
417500,0,0.425887,-418.663,0.708025,0.272
418000,0,0.204705,-418.831,0.924066,0.289
418500,0,1.04088,-420.454,0.0784176,0.322
419000,0,-0.490153,-420.451,1.61374,0.303
419500,0,-0.0532182,-420.415,1.16165,0.318
420000,0,0.785844,-419.049,0.332625,0.361429
420500,0,0.623311,-418.812,0.076139,0.378
421000,0,1.02714,-418.979,0.0997809,0.302
421500,0,0.33628,-420.855,0.765612,0.28
422000,0,0.694308,-421.836,0.42594,0.274692
422500,0,0.554822,-419.88,0.577753,0.256
423000,0,0.980845,-419.728,0.16282,0.282
423500,0,0.944829,-419.294,0.0204947,0.328
424000,0,0.4938,-418.611,0.00417373,0.353
424500,0,0.854609,-421.209,0.196059,0.38
425000,0,-1.27412,-418.511,0.69364,0.374
425500,0,0.369744,-420.921,0.341708,0.366
426000,0,0.396077,-419.276,0.496205,0.35
426500,0,0.221321,-421.853,0.0522941,0.384
427000,0,-3.94754,-419.08,0.816522,0.362571
427500,0,0.72803,-420.125,0.244804,0.362
428000,0,0.794843,-418.573,0.00403095,0.355
428500,0,0.721157,-419.587,0.0676382,0.386
429000,0,0.0911186,-418.384,0.385864,0.393
429500,0,-0.0327404,-418.991,0.497259,0.374
430000,0,0.606782,-420.198,0.526789,0.371
430500,0,0.858837,-419.147,0.122626,0.32
431000,0,-0.01175,-419.219,0.137245,0.352
431500,0,-0.40326,-419.388,1.10249,0.384
432000,0,1.10943,-419.531,0.0314411,0.344
432500,0,1.13104,-418.846,0.0125386,0.32
433000,0,0.205096,-419.265,0.024644,0.336
433500,0,0.658631,-418.279,0.142737,0.408
434000,0,-0.553817,-420.231,1.26117,0.355333
434500,0,-0.373305,-419.979,0.697419,0.394
435000,0,0.531069,-419.061,0.0200252,0.381
435500,0,-0.101044,-419.038,0.118427,0.39
436000,0,0.475922,-418.593,0.157758,0.359767
436500,0,0.747794,-418.94,0.212144,0.366
437000,0,0.772628,-418.592,0.37361,0.314125
437500,0,-0.0921807,-419.497,1.23323,0.334
438000,0,-0.0606113,-419.564,0.177503,0.33
438500,0,-2.62838,-421.154,1.0629,0.374
439000,0,-4.8066,-419.746,0.0126124,0.39
439500,0,0.758963,-419.386,0.383861,0.34
440000,0,-0.0293446,-418.703,1.0686,0.346
440500,0,-0.0930128,-420.053,0.487878,0.37
441000,0,0.970337,-418.675,0.163121,0.336
441500,0,1.05791,-419.292,0.0668738,0.236
442000,0,1.02362,-424.599,0.0566636,0.236
442500,0,1.10479,-420.745,0.00399183,0.212
443000,0,0.280875,-419.932,0.446974,0.357
443500,0,0.743416,-421.272,0.12302,0.376
444000,0,0.0784271,-419.406,1.04492,0.2635
444500,0,0.202608,-419.549,0.923881,0.232
445000,0,0.600821,-418.954,0.538375,0.338667
445500,0,0.834917,-420.034,0.256176,0.354
446000,0,1.05761,-418.637,0.0591825,0.368
446500,0,-0.379956,-418.945,0.436271,0.32
447000,0,0.215473,-419.195,0.211765,0.32
447500,0,0.570731,-418.817,0.416177,0.354
448000,0,0.471312,-419.119,0.388715,0.372
448500,0,-0.323994,-420.173,0.572013,0.342
449000,0,1.04197,-418.403,0.0333519,0.356
449500,0,-1.31543,-419.536,2.19187,0.348
450000,0,0.996842,-418.907,0.111968,0.365
450500,0,0.546655,-418.329,0.0699737,0.382
451000,0,-1.73466,-419.045,1.64114,0.356
451500,0,0.641584,-421.564,0.334588,0.344
452000,0,-0.112686,-418.546,0.711723,0.36
452500,0,0.690218,-418.924,0.0140236,0.36
453000,0,0.570032,-419.176,0.155901,0.359
453500,0,-0.385373,-418.441,1.22706,0.33
454000,0,-1.5917,-418.461,2.39591,0.357
454500,0,0.370623,-419.405,0.0918014,0.362
455000,0,0.771809,-420.074,0.367035,0.346
455500,0,1.07545,-418.841,0.0463234,0.346
456000,0,-0.579777,-418.927,1.70762,0.28125
456500,0,0.657346,-421.366,0.441155,0.296
457000,0,-0.223612,-420.402,1.34786,0.289
457500,0,0.378433,-419.098,0.745535,0.272
458000,0,0.576446,-418.89,0.555795,0.279
458500,0,0.817586,-420.557,0.294967,0.272
459000,0,0.126015,-420.348,1.01301,0.3665
459500,0,0.724598,-418.331,0.396944,0.38
460000,0,0.505024,-420.243,0.419878,0.372
460500,0,-1.84865,-418.735,0.25633,0.374
461000,0,0.9225,-419.371,0.177951,0.351091
461500,0,1.10079,-418.544,0.0389784,0.394
462000,0,-2.67052,-418.511,0.649808,0.387
462500,0,-0.848957,-419.899,1.3835,0.368
463000,0,0.778119,-418.861,0.364002,0.366667
463500,0,-0.877509,-418.406,0.499475,0.348
464000,0,1.06596,-423.381,0.0577914,0.336
464500,0,0.56039,-420.854,0.0605228,0.368
465000,0,0.748475,-419.437,0.252095,0.359
465500,0,0.704557,-418.399,0.130131,0.356
466000,0,0.553953,-418.594,0.447329,0.35
466500,0,0.364732,-418.835,0.498263,0.352
467000,0,0.684626,-418.547,0.0502995,0.348
467500,0,0.956991,-418.82,0.14454,0.378
468000,0,0.69548,-421.824,0.426429,0.2934
468500,0,0.879576,-422.093,0.235456,0.298
469000,0,0.594051,-418.72,0.547433,0.294
469500,0,0.0127936,-418.97,1.12905,0.28
470000,0,0.607135,-418.477,0.538165,0.359882
470500,0,-0.592295,-419.617,0.055541,0.346
471000,0,1.0634,-418.719,0.0698823,0.356
471500,0,-1.69503,-418.102,0.470727,0.37
472000,0,0.741147,-418.971,0.330341,0.366
472500,0,0.743432,-418.998,0.398059,0.366
473000,0,0.509631,-418.506,0.560301,0.352444
473500,0,0.595339,-419.717,0.542349,0.368
474000,0,0.449072,-419.38,0.130191,0.383
474500,0,-2.92158,-418.871,0.555777,0.388
475000,0,1.03785,-418.956,0.0995135,0.335667
475500,0,0.63129,-419.278,0.0492533,0.37
476000,0,-0.745175,-419.637,0.660987,0.392
476500,0,0.831601,-419.865,0.300271,0.376
477000,0,-1.82482,-418.686,2.94851,0.355667
477500,0,-0.106398,-419.12,1.24922,0.334
478000,0,0.571335,-418.517,0.0916278,0.338
478500,0,-0.0769929,-419.008,0.869865,0.336
479000,0,0.112315,-419.041,1.01441,0.355
479500,0,1.016,-419.625,0.0266032,0.386
480000,0,1.08014,-419.774,0.0157418,0.353
480500,0,1.03705,-418.303,0.0185874,0.348
481000,0,0.876332,-420.129,0.0977054,0.366
481500,0,-0.505882,-423.035,0.632998,0.38
482000,0,-0.657683,-419.183,0.217264,0.376
482500,0,0.148954,-419.83,0.227543,0.386
483000,0,0.478399,-419.361,0.653623,0.291714
483500,0,1.09205,-419.926,0.0429923,0.27
484000,0,1.08443,-418.699,0.0492371,0.278
484500,0,0.832928,-422.484,0.288215,0.24
485000,0,0.600627,-418.357,0.536973,0.261
485500,0,-0.200453,-419.415,1.32835,0.288
486000,0,0.952141,-418.875,0.178426,0.282
486500,0,1.00311,-419.193,0.121718,0.314
487000,0,0.762162,-418.196,0.157342,0.36035
487500,0,-0.846684,-420.236,1.89832,0.32
488000,0,0.697972,-420.681,0.374435,0.341
488500,0,-0.0440288,-419.56,0.22231,0.392
489000,0,1.08118,-418.604,0.0568113,0.286
489500,0,1.04777,-418.445,0.0909215,0.382
490000,0,0.632288,-418.373,0.506124,0.35
490500,0,-0.990064,-422.493,2.12093,0.286
491000,0,-0.348489,-418.794,0.418975,0.369667
491500,0,0.135195,-420.481,0.843542,0.338
492000,0,0.817279,-420.034,0.306183,0.308063
492500,0,0.822772,-420.69,0.288707,0.268
493000,0,1.00084,-421.23,0.131387,0.281333
493500,0,0.757061,-418.813,0.37929,0.302
494000,0,0.964932,-418.882,0.165746,0.301
494500,0,1.09446,-418.686,0.0400389,0.298
495000,0,0.202249,-419.189,0.921426,0.273667
495500,0,0.453267,-419.728,0.666398,0.264
496000,0,1.04601,-419.198,0.0800073,0.289
496500,0,1.10082,-419.635,0.0148849,0.238
497000,0,0.540194,-418.26,0.605712,0.356833
497500,0,-0.528483,-418.972,0.0273432,0.32
498000,0,-1.39427,-418.933,2.52308,0.3641
498500,0,0.508068,-419.132,0.0339785,0.356
499000,0,1.0797,-418.58,0.064603,0.331
499500,0,0.11779,-420.155,0.073001,0.324
500000,0,0.471612,-420.068,0.214522,0.342
500500,0,-0.655845,-419.607,0.130478,0.346
501000,0,0.823396,-418.772,0.186738,0.349
501500,0,0.314749,-418.555,0.210899,0.38
502000,0,0.774423,-419.018,0.357669,0.2865
502500,0,0.736243,-419.881,0.379425,0.278
503000,0,0.764711,-418.5,0.371545,0.3
503500,0,0.540109,-418.993,0.594244,0.288
504000,0,1.12326,-419.321,0.0103289,0.301
504500,0,0.812132,-418.704,0.322143,0.298
505000,0,1.02351,-419.183,0.112563,0.36325
505500,0,-0.340453,-418.821,0.542788,0.334
506000,0,0.83436,-419.098,0.303262,0.326
506500,0,0.572654,-418.277,0.56875,0.292
507000,0,-0.303009,-418.518,0.149407,0.358833
507500,0,0.0353778,-419.09,0.181279,0.346
508000,0,-0.911764,-420.436,2.05611,0.33
508500,0,0.171339,-419.803,0.0796951,0.356
509000,0,0.521072,-419.462,0.503596,0.34
509500,0,-0.260742,-418.798,0.38981,0.36
510000,0,0.771766,-420.173,0.0963198,0.306667
510500,0,-1.45038,-418.483,1.97411,0.354
511000,0,0.350496,-418.617,0.616471,0.379
511500,0,-0.221727,-418.976,1.28856,0.376
512000,0,0.631648,-419.064,0.134076,0.387
512500,0,-0.131422,-419.213,0.251125,0.364
513000,0,0.00711184,-418.273,0.839016,0.369
513500,0,1.1345,-420.707,0.00565046,0.404
514000,0,0.909455,-418.742,0.0842984,0.384
514500,0,-0.111701,-418.22,1.16916,0.374
515000,0,-0.854522,-418.552,0.381656,0.376
515500,0,0.972329,-420.137,0.0372288,0.354
516000,0,0.942049,-420.051,0.122861,0.3576
516500,0,0.269077,-418.318,0.395192,0.362
517000,0,0.338793,-418.746,0.356442,0.365625
517500,0,-0.267566,-419.122,0.0914859,0.362
518000,0,0.160465,-419.67,0.967747,0.369
518500,0,-0.130733,-418.604,0.501927,0.33
519000,0,1.01497,-418.86,0.117019,0.342667
519500,0,-1.2438,-418.52,1.79089,0.366
520000,0,1.13876,-418.769,0.000922919,0.3415
520500,0,0.791746,-420.073,0.347766,0.344
521000,0,0.703357,-418.905,0.29447,0.332
521500,0,-0.158673,-418.415,0.254089,0.376
522000,0,0.25037,-419.303,0.835338,0.373
522500,0,-0.319144,-418.13,0.810936,0.354
523000,0,0.624688,-418.901,0.258086,0.36875
523500,0,0.620752,-419.96,0.5098,0.372
524000,0,0.889979,-418.429,0.0289258,0.3755
524500,0,0.558078,-419.006,0.450135,0.462
525000,0,0.250746,-419.093,0.89663,0.351783
525500,0,0.579935,-418.598,0.523438,0.314
526000,0,-0.311032,-418.408,0.0373231,0.338
526500,0,0.833334,-420.57,0.293152,0.36
527000,0,0.854129,-419.259,0.157782,0.370333
527500,0,0.724692,-418.375,0.015022,0.334
528000,0,1.04848,-418.574,0.0389442,0.361
528500,0,0.381379,-418.844,0.358048,0.364
529000,0,-1.44092,-421.84,2.53441,0.354333
529500,0,0.342475,-419.963,0.797644,0.336
530000,0,0.725758,-420.518,0.387044,0.297
530500,0,1.1093,-419.605,0.00558363,0.27
531000,0,0.822363,-420.972,0.285884,0.255
531500,0,0.803729,-420.668,0.314779,0.298
532000,0,0.107477,-419.142,1.01887,0.297
532500,0,0.613677,-420.535,0.504321,0.288
533000,0,0.598718,-421.322,0.515187,0.3
533500,0,0.915723,-420.208,0.206013,0.284
534000,0,0.971405,-420.653,0.141092,0.285
534500,0,0.962331,-422.367,0.146821,0.292
535000,0,0.558587,-420.318,0.547112,0.262
535500,0,1.10749,-420.258,0.00451448,0.228
536000,0,0.136187,-424.004,0.0280767,0.3485
536500,0,0.117029,-420.613,0.186888,0.358
537000,0,0.0466315,-418.647,0.105121,0.349
537500,0,0.68651,-418.535,0.180629,0.36
538000,0,0.486461,-418.327,0.606273,0.356789
538500,0,0.691345,-420.665,0.379095,0.33
539000,0,0.579225,-418.978,0.0507804,0.358
539500,0,-1.49113,-419.231,1.56151,0.354
540000,0,0.567852,-419.699,0.458273,0.351
540500,0,0.944553,-419.151,0.161805,0.3
541000,0,-4.75647,-418.355,3.29751,0.343
541500,0,0.303884,-421.882,0.78953,0.374
542000,0,0.198774,-420.067,0.91603,0.294615
542500,0,0.927682,-421.759,0.184247,0.298
543000,0,0.805768,-419.684,0.317595,0.304
543500,0,1.07122,-419.997,0.0450888,0.272
544000,0,0.791938,-422.017,0.300707,0.268333
544500,0,0.630441,-421.314,0.466837,0.292
545000,0,0.77893,-422.443,0.324247,0.303
545500,0,0.433674,-422.577,0.670055,0.314
546000,0,0.873609,-423.148,0.2172,0.257
546500,0,0.679048,-421.148,0.43529,0.232
547000,0,-0.562077,-419.035,0.569103,0.356167
547500,0,0.140366,-419.685,0.363334,0.34
548000,0,-0.17646,-421.277,0.0272997,0.335
548500,0,-1.1433,-420.995,0.423491,0.378
549000,0,0.958145,-419.425,0.187663,0.377
549500,0,0.505438,-420.847,0.517578,0.378
550000,0,0.240147,-418.292,0.129856,0.367
550500,0,-2.74969,-420.177,0.876485,0.336
551000,0,0.58887,-419.287,0.101109,0.338
551500,0,-1.14739,-419.715,2.28544,0.33
552000,0,1.10229,-419.66,0.0147775,0.284333
552500,0,0.938654,-421.568,0.1579,0.344
553000,0,0.628842,-419.376,0.317334,0.3605
553500,0,0.649205,-418.518,0.122118,0.408
554000,0,-0.434972,-418.193,0.8316,0.361267
554500,0,0.638373,-420.466,0.399011,0.346
555000,0,-0.439884,-418.446,1.11981,0.389
555500,0,0.463802,-418.986,0.0686065,0.368
556000,0,0.621551,-418.775,0.00637175,0.375333
556500,0,1.03027,-419.079,0.0733221,0.35
557000,0,0.468063,-419.783,0.65486,0.2952
557500,0,0.820823,-419.258,0.299996,0.274
558000,0,0.939038,-422.116,0.184989,0.294733
558500,0,0.99192,-421.417,0.115927,0.268
559000,0,0.39841,-418.816,0.737082,0.268
559500,0,1.10297,-419.922,0.0251633,0.32
560000,0,1.0738,-418.957,0.0574909,0.302
560500,0,0.897193,-418.597,0.237537,0.296
561000,0,0.320574,-418.628,0.0960445,0.3735
561500,0,0.192396,-420.24,0.584614,0.346
562000,0,1.06903,-421.945,0.0394622,0.2855
562500,0,0.866856,-420.721,0.270511,0.296
563000,0,0.771313,-420.436,0.340799,0.284833
563500,0,1.0178,-423.864,0.0493399,0.214
564000,0,0.466379,-419.199,0.6574,0.3115
564500,0,0.728243,-419.537,0.400905,0.29
565000,0,-1.2589,-419.895,0.201021,0.379111
565500,0,0.484405,-418.263,0.36776,0.396
566000,0,0.727055,-418.673,0.00299416,0.399
566500,0,-0.460946,-418.62,0.0417535,0.378
567000,0,-0.383862,-418.463,1.41108,0.374
567500,0,-0.466678,-419.021,1.54004,0.354
568000,0,0.881512,-418.593,0.14685,0.352
568500,0,0.279342,-418.843,0.138498,0.338
569000,0,0.92121,-418.947,0.212122,0.2876
569500,0,1.08537,-418.377,0.0547189,0.272
570000,0,0.471066,-421.345,0.625489,0.279429
570500,0,-0.192096,-421.242,1.28481,0.224
571000,0,0.139099,-422.049,0.950332,0.23
571500,0,1.00401,-420.45,0.0990566,0.262
572000,0,1.08965,-419.126,0.0354344,0.251
572500,0,1.05505,-419.144,0.0737895,0.306
573000,0,-0.572249,-418.752,1.66417,0.371833
573500,0,0.729135,-418.86,0.383917,0.376
574000,0,0.747018,-419.529,0.355895,0.366
574500,0,1.11399,-421.206,0.00579975,0.348
575000,0,-0.268305,-418.677,1.22077,0.348
575500,0,-0.733416,-419.411,0.803162,0.342
576000,0,-0.984228,-419.17,1.9683,0.361
576500,0,-0.529586,-419.223,1.6306,0.368
577000,0,0.207543,-419.49,0.916039,0.2648
577500,0,1.13392,-419.731,0.00120299,0.298
578000,0,0.931664,-420.345,0.175868,0.286222
578500,0,1.0394,-419.849,0.073881,0.314
579000,0,0.0638756,-419.191,1.06255,0.3
579500,0,1.07012,-420.188,0.0533975,0.264
580000,0,0.935137,-419.738,0.186359,0.273
580500,0,0.75338,-420.314,0.359395,0.28
581000,0,1.01782,-420.431,0.0954281,0.3075
581500,0,0.473462,-419.075,0.651009,0.288
582000,0,0.591392,-419.106,0.538166,0.283
582500,0,0.948853,-420.287,0.156576,0.274
583000,0,0.797177,-420.981,0.325375,0.29
583500,0,0.604972,-419.611,0.521396,0.264
584000,0,0.615698,-418.527,0.2537,0.362875
584500,0,1.00617,-418.437,0.114992,0.356
585000,0,-1.86993,-419.574,0.135854,0.361
585500,0,0.891327,-421.175,0.18045,0.338
586000,0,-2.55737,-419.138,2.65381,0.3639
586500,0,-0.0981442,-418.829,0.602323,0.386
587000,0,0.941778,-421.5,0.161745,0.2785
587500,0,0.904613,-420.1,0.207943,0.228
588000,0,1.05931,-420.957,0.0739684,0.337
588500,0,0.96413,-419.552,0.176925,0.314
589000,0,0.304037,-419.881,0.839876,0.292
589500,0,1.10437,-419.249,0.0292126,0.352
590000,0,-1.30481,-421.174,0.548464,0.33
590500,0,-0.285318,-418.231,0.227657,0.392
591000,0,0.557952,-419.287,0.25423,0.3578
591500,0,-0.629859,-418.255,0.797253,0.344
592000,0,-0.0502827,-418.979,0.855662,0.372
592500,0,-0.480071,-421.104,0.198403,0.346
593000,0,-0.743362,-420.025,1.56457,0.351
593500,0,-0.791747,-418.603,0.847295,0.314
594000,0,1.04844,-420.751,0.0970825,0.363
594500,0,-0.217967,-423.02,1.02036,0.304
595000,0,-0.404127,-418.832,0.701533,0.335
595500,0,-2.03154,-420.141,0.744489,0.324
596000,0,0.273478,-418.961,0.860524,0.276062
596500,0,0.220102,-419.968,0.900427,0.252
597000,1,0.49596,-416.987,1.02968,0.317
597500,0,0.638605,-419.285,0.491437,0.31
598000,0,1.0039,-422.192,0.105322,0.286
598500,0,1.10178,-419.765,0.0158868,0.33
599000,1,-1.07622,-418.472,1.74813,0.33975
599500,0,1.05214,-418.403,0.00793883,0.436
600000,0,0.529901,-420.916,0.289189,0.357143
600500,0,0.574562,-418.629,0.540337,0.334
601000,0,0.404001,-420.474,0.174159,0.339
601500,0,-0.592891,-419.15,0.93496,0.34
602000,0,-0.744127,-419.361,0.466347,0.389667
602500,0,0.286993,-419.877,0.586233,0.354
603000,0,0.540019,-419.85,0.0891417,0.354
603500,0,0.977975,-418.338,0.111921,0.34
604000,0,-1.16836,-418.644,0.304942,0.333588
604500,0,0.324457,-418.854,0.803519,0.384
605000,0,-0.242391,-419.472,0.294858,0.3465
605500,0,0.0129816,-420.217,0.998819,0.308
606000,0,0.937957,-420.228,0.0358904,0.333
606500,0,0.741331,-418.597,0.163713,0.358
607000,0,-2.19558,-419.084,0.152753,0.351333
607500,0,-1.27125,-418.289,0.0957632,0.356
608000,0,-0.493058,-418.706,1.62471,0.2944
608500,0,0.850118,-419.166,0.2806,0.294
609000,0,0.296456,-420.573,0.38612,0.36475
609500,0,0.487588,-422.541,0.513219,0.35
610000,0,0.193198,-423.071,0.92194,0.2875
610500,0,0.642878,-419.441,0.488642,0.266
611000,0,-0.138102,-418.589,1.27478,0.28
611500,0,-1.26635,-419.053,2.40437,0.308
612000,0,0.261803,-418.544,0.882593,0.3666
612500,0,0.763094,-419.326,0.379775,0.264
613000,0,1.05886,-418.639,0.085942,0.29
613500,0,-0.115938,-422.038,1.1562,0.298
614000,0,0.843638,-419.099,0.283327,0.305333
614500,0,0.504722,-419.176,0.622804,0.31
615000,0,0.334505,-419.873,0.805827,0.363222
615500,0,0.38579,-418.308,0.140269,0.342
616000,0,0.224483,-418.326,0.304702,0.355
616500,0,0.629963,-419.325,0.360735,0.34
617000,0,0.90431,-418.236,0.235527,0.311
617500,0,1.0532,-418.439,0.0832159,0.298
618000,0,0.969135,-418.261,0.17029,0.323
618500,0,-0.391096,-419.167,1.52164,0.294
619000,0,0.725757,-419.759,0.414216,0.292
619500,0,0.941715,-420.72,0.183432,0.296
620000,0,0.412573,-419.979,0.0480235,0.364636
620500,0,0.999084,-421.582,0.13969,0.364
621000,0,0.183886,-418.174,0.465868,0.381
621500,0,0.180351,-419.112,0.0384184,0.334
622000,0,0.444926,-418.585,0.689139,0.295
622500,0,1.11447,-418.646,0.0231158,0.292
623000,0,1.06027,-419.507,0.0481928,0.353
623500,0,-0.281842,-419.31,0.419101,0.35
624000,0,0.368236,-418.114,0.20838,0.358
624500,0,0.74317,-421.242,0.348466,0.38
625000,0,0.66952,-418.887,0.36696,0.368
625500,0,-0.761227,-418.91,1.89745,0.34
626000,0,0.994764,-420.644,0.0762378,0.36
626500,0,0.463952,-418.878,0.0391337,0.354
627000,0,0.122512,-419.75,0.408775,0.354
627500,0,0.697913,-418.812,0.447574,0.342
628000,0,0.0580822,-419.351,0.600915,0.359067
628500,0,0.197198,-419.021,0.514622,0.35
629000,0,-2.07847,-418.871,1.08904,0.348
629500,0,0.480664,-419.163,0.463192,0.336
630000,0,0.825965,-418.304,0.285181,0.339
630500,0,0.424283,-419.445,0.261124,0.382
631000,0,0.628092,-419.898,0.501908,0.389
631500,0,-0.510431,-418.33,1.30617,0.316
632000,0,-0.586635,-418.41,0.604087,0.356667
632500,0,0.564685,-420.3,0.403692,0.364
633000,0,0.854367,-422.007,0.0882565,0.3495
633500,0,0.412236,-419.92,0.322379,0.344
634000,0,0.433275,-418.801,0.698295,0.290583
634500,0,0.15214,-419.656,0.980258,0.29
635000,0,1.08022,-419.962,0.050639,0.285
635500,0,0.752866,-418.423,0.387496,0.284
636000,0,0.975332,-419.365,0.164525,0.335333
636500,0,1.02807,-418.668,0.115134,0.282
637000,0,-0.103375,-418.936,0.375158,0.279
637500,0,0.428002,-419.7,0.3011,0.346
638000,0,0.970293,-419.398,0.167184,0.348133
638500,1,-1.78426,-419.44,0.542397,0.354
639000,0,0.0426307,-418.846,0.0609814,0.362
639500,0,0.726416,-420.127,0.307978,0.318
640000,0,-0.0208972,-419.005,1.04107,0.325
640500,0,-1.83283,-419.581,0.540806,0.328
641000,0,0.101433,-420.139,0.284956,0.313667
641500,0,0.544926,-418.714,0.521348,0.298
642000,0,0.122466,-420.294,0.447515,0.344
642500,0,-0.867351,-419.822,0.446867,0.336
643000,0,-0.905477,-419.056,1.72756,0.345
643500,0,0.600066,-421.076,0.452146,0.354
644000,0,-0.819049,-418.216,0.829881,0.358333
644500,0,-0.39784,-419.776,0.761003,0.388
645000,0,1.08677,-418.526,0.0193418,0.3608
645500,0,-1.40214,-420.544,1.16428,0.332
646000,0,0.568819,-418.707,0.537021,0.338
646500,0,0.920642,-418.791,0.0265734,0.37
647000,0,0.748484,-419.587,0.33152,0.352
647500,0,0.647392,-418.369,0.12146,0.35
648000,0,0.704998,-422.292,0.209261,0.347
648500,0,0.468538,-418.993,0.0393645,0.402
649000,0,0.726311,-420.473,0.319503,0.382
649500,0,0.951151,-418.298,0.0107029,0.346
650000,0,0.781814,-419.077,0.348037,0.35
650500,0,0.727055,-418.57,0.00203928,0.322
651000,0,0.0127874,-418.826,0.658068,0.35475
651500,0,-0.602755,-418.695,0.0635211,0.334
652000,0,0.846523,-419.242,0.272639,0.348
652500,0,0.791198,-419.704,0.105843,0.346
653000,0,-3.79792,-422.671,0.924502,0.352125
653500,0,-0.531144,-420.828,1.29113,0.326
654000,0,0.766444,-418.81,0.183563,0.311
654500,0,-1.0917,-420.011,2.00724,0.368
655000,0,-0.143157,-418.205,0.171414,0.351
655500,0,0.913529,-418.352,0.228573,0.382
656000,0,0.483432,-418.477,0.303391,0.37
656500,0,0.145469,-418.654,0.842449,0.348
657000,0,0.819059,-418.566,0.0255604,0.351538
657500,0,-0.157469,-419.419,1.18495,0.336
658000,1,0.337286,-412.5,0.662797,0.359833
658500,1,-0.652446,-410.139,1.20312,0.418
659000,1,-4.12292,-409.355,2.37579,0.387667
659500,1,-2.18909,-408.952,1.44509,0.41
660000,0,-0.249821,-419.301,0.572581,0.350333
660500,0,0.378658,-418.761,0.0259633,0.358
661000,1,-0.206034,-414.222,0.786382,0.41
661500,1,0.0984853,-408.946,0.464395,0.45
662000,0,-0.284573,-418.893,0.977045,0.3635
662500,0,0.702283,-420.449,0.183303,0.326
663000,0,-0.0861817,-419.613,0.68625,0.342
663500,0,1.05417,-419.442,0.022187,0.318
664000,1,-3.45613,-406.26,0.936692,0.392786
664500,1,-4.31883,-409.003,2.44168,0.376
665000,1,-0.800798,-412.926,0.267732,0.345
665500,1,-3.69952,-406.629,0.222119,0.378
666000,1,-5.09438,-410.062,1.54139,0.374
666500,1,-1.59058,-406.686,0.570123,0.38
667000,0,-0.321717,-418.587,0.564962,0.3545
667500,0,-0.475376,-418.545,1.61309,0.362
668000,0,-0.391428,-418.764,1.49941,0.346
668500,0,-0.446948,-420.337,0.149354,0.31
669000,0,0.152244,-418.878,0.150722,0.34
669500,0,-0.269709,-421.292,0.851181,0.324
670000,1,0.30985,-409.807,0.256323,0.399
670500,1,-0.824761,-407.859,0.805447,0.382
671000,0,-1.10063,-420.119,2.23003,0.3389
671500,0,0.620917,-419.399,0.516454,0.282
672000,0,1.03073,-418.661,0.114248,0.3
672500,0,0.518375,-418.347,0.62511,0.3
673000,0,-0.521488,-418.89,0.389382,0.383667
673500,0,0.879507,-418.403,0.151007,0.37
674000,0,-0.325521,-419.555,1.42538,0.333
674500,0,0.00840034,-418.641,0.598599,0.404
675000,0,0.821016,-419.946,0.151626,0.383
675500,0,-0.00920775,-422.255,1.00218,0.392
676000,0,-0.777634,-418.58,1.92298,0.383
676500,0,0.919492,-418.568,0.228029,0.396
677000,0,0.436538,-422.038,0.656369,0.3554
677500,0,-0.052381,-418.364,0.487184,0.366
678000,0,1.03771,-418.301,0.0910253,0.377
678500,0,1.08164,-420.21,0.0438032,0.356
679000,0,-0.534493,-419.185,1.67943,0.369
679500,0,-0.0493237,-418.936,0.0960345,0.368
680000,0,-1.07948,-419.233,0.0569253,0.345
680500,0,-0.427661,-419.253,0.205567,0.392
681000,1,0.160802,-419.753,1.4534,0.365
681500,0,-0.181372,-418.984,0.194558,0.386
682000,0,-0.253044,-420.289,0.28497,0.397875
682500,0,0.599182,-418.371,0.209318,0.36
683000,0,-0.958204,-419.24,1.36511,0.368
683500,0,0.616573,-418.336,0.370427,0.374
684000,0,0.723872,-419.354,0.0426719,0.361
684500,1,-0.258038,-420.061,0.763497,0.37
685000,0,0.417629,-420.041,0.681792,0.384
685500,0,-0.0669482,-419.247,0.758957,0.398
686000,0,0.747599,-418.761,0.0133512,0.376
686500,0,0.200017,-419.488,0.40873,0.384
687000,0,-0.618937,-419.786,0.694598,0.360714
687500,0,0.315522,-420.212,0.108753,0.326
688000,0,-1.21854,-418.186,1.92442,0.339
688500,0,-1.1831,-419.19,2.30461,0.334
689000,0,0.265168,-418.529,0.589363,0.359
689500,0,0.758765,-420.401,0.280789,0.334
690000,0,0.524432,-420.45,0.616255,0.334
690500,0,-0.314531,-418.218,1.258,0.338
691000,0,-1.33,-419.147,2.15025,0.348
691500,0,-1.0643,-418.24,1.66837,0.362
692000,0,0.771906,-422.988,0.362792,0.351
692500,0,1.13099,-419.229,0.00924639,0.338
693000,0,0.196619,-418.532,0.744745,0.341
693500,0,0.764444,-421.311,0.0977113,0.378
694000,0,0.775793,-418.406,0.26876,0.353167
694500,0,0.214853,-418.204,0.339306,0.372
695000,0,-0.546451,-418.82,0.835222,0.399
695500,0,-0.0672596,-421.27,0.0658436,0.368
696000,0,0.088814,-419.719,0.209264,0.365
696500,0,0.0571572,-418.217,1.02702,0.378
697000,0,-0.864614,-419.667,0.435699,0.35925
697500,0,-0.0797724,-418.495,0.954268,0.39
698000,0,-0.235057,-420.377,0.93065,0.387
698500,0,0.738077,-420.422,0.201661,0.348
699000,0,-1.28232,-418.32,0.831941,0.361429
699500,0,0.101943,-419.804,0.644906,0.372
700000,0,-2.47766,-420.245,0.0961438,0.367
700500,0,-0.563049,-418.61,0.37972,0.372
701000,0,0.772586,-419.392,0.268962,0.352
701500,0,0.447916,-418.467,0.0659182,0.312
702000,0,-1.24973,-419.486,0.433067,0.3585
702500,0,0.727244,-419.929,0.410382,0.392
703000,0,-2.65385,-420.346,0.980089,0.381
703500,0,0.878925,-419.344,0.183051,0.33
704000,0,0.263528,-418.913,0.801347,0.357333
704500,0,0.453016,-418.727,0.482293,0.388
705000,0,0.565862,-419.304,0.301629,0.37
705500,0,0.537686,-421.047,0.418949,0.376
706000,0,0.851922,-420.79,0.20646,0.342
706500,0,0.494056,-418.982,0.41559,0.36
707000,0,0.41364,-419.354,0.68894,0.362429
707500,0,0.521709,-419.27,0.440223,0.342
708000,0,-0.137124,-420.839,0.609493,0.336
708500,0,0.791919,-420.842,0.341937,0.364
709000,0,-0.497024,-420.619,1.38417,0.356
709500,0,-0.473384,-419.798,0.253256,0.352
710000,0,-2.42843,-418.758,3.30848,0.36
710500,0,-0.613824,-419.339,0.115364,0.368
711000,0,-0.616144,-418.19,1.5738,0.373
711500,0,-0.00354814,-420.102,0.478984,0.376
712000,0,0.385277,-418.443,0.0831383,0.361714
712500,0,0.467664,-418.551,0.600592,0.368
713000,0,-0.263606,-418.738,0.992296,0.376
713500,0,0.517814,-419.361,0.541505,0.36
714000,0,0.39689,-419.332,0.512409,0.359
714500,0,-1.28032,-420.284,1.57402,0.39
715000,0,1.06849,-418.502,0.0774166,0.3716
715500,0,-1.03443,-421.718,2.17205,0.316
716000,0,1.09068,-419.563,0.0249367,0.2985
716500,0,0.411072,-421.747,0.707782,0.278
717000,0,1.04859,-418.729,0.0398922,0.376
717500,0,0.9251,-419.84,0.0239648,0.338
718000,0,-0.0988294,-419.702,0.431665,0.360286
718500,0,-0.0746439,-419.401,0.867729,0.386
719000,0,0.337009,-418.311,0.726513,0.387
719500,0,0.956405,-420.621,0.160073,0.388
720000,0,-0.448918,-420.991,0.000410556,0.378
720500,0,0.453189,-419.32,0.291905,0.346
721000,0,0.850391,-418.493,0.252217,0.365
721500,0,-0.242848,-418.492,1.16692,0.396
722000,0,-0.808922,-418.337,0.0542267,0.361
722500,0,0.758345,-419.54,0.322584,0.38
723000,0,0.72306,-418.529,0.362247,0.3625
723500,0,0.467482,-418.879,0.678409,0.4
724000,0,1.10239,-419.556,0.0362648,0.333
724500,0,1.04862,-419.087,0.0924757,0.318
725000,0,0.0628764,-419.17,1.05982,0.289556
725500,0,1.00061,-420.542,0.111799,0.296
726000,0,0.529718,-418.217,0.333941,0.37775
726500,0,0.335415,-423.856,0.684471,0.37
727000,0,-0.432611,-418.151,0.455966,0.3681
727500,0,-0.745957,-418.485,1.62996,0.392
728000,0,0.42061,-418.655,0.512276,0.387
728500,0,-0.281419,-420.015,0.509337,0.35
729000,0,-1.36268,-419.66,0.407227,0.352
729500,0,0.792635,-419.483,0.344741,0.394
730000,0,-4.91498,-418.794,0.0937819,0.39
730500,0,-0.218101,-418.835,0.636927,0.386
731000,0,0.580159,-418.545,0.565882,0.327833
731500,0,0.770872,-419.958,0.294533,0.324
732000,0,0.839834,-419.541,0.30021,0.3665
732500,0,1.1217,-420.027,0.0175635,0.228
733000,0,1.03534,-419.068,0.0676581,0.370333
733500,0,0.871713,-418.632,0.111369,0.32
734000,1,-0.567717,-424.834,0.315922,0.347
734500,0,1.11684,-418.553,0.00607955,0.366
735000,0,0.251524,-419.458,0.534234,0.32
735500,1,-1.56525,-418.796,0.723733,0.366
736000,0,0.931189,-419.329,0.176072,0.34825
736500,0,-0.212138,-421.265,0.205722,0.318
737000,0,-0.251645,-418.304,0.472002,0.342
737500,0,-1.27658,-420.16,1.80225,0.362
738000,0,-0.389822,-418.918,0.0573156,0.3694
738500,0,1.03044,-418.514,0.0662623,0.33
739000,0,-2.38189,-418.653,1.38564,0.354
739500,0,0.125212,-418.877,0.463415,0.342
740000,0,0.0637421,-418.471,0.274983,0.3614
740500,0,-0.698378,-419.95,1.67343,0.404
741000,0,0.928158,-420.298,0.213666,0.368
741500,0,0.341434,-419.186,0.346983,0.386
742000,1,-2.15526,-421.313,0.431091,0.368667
742500,1,-2.89451,-419.521,2.08831,0.392
743000,0,-0.218101,-419.24,1.32808,0.335917
743500,0,-0.966736,-419.291,0.432553,0.356
744000,0,0.259261,-418.695,0.689678,0.326
744500,0,-0.447009,-420.252,0.094906,0.356
745000,0,0.820634,-420.559,0.175404,0.3615
745500,0,-0.00803629,-418.858,0.512961,0.366
746000,0,1.12058,-420.57,0.0132504,0.3475
746500,0,-0.507475,-418.218,1.17915,0.386
747000,0,0.212351,-419.068,0.35236,0.396
747500,0,-2.24742,-418.864,1.15914,0.386
748000,0,-0.365883,-422.083,0.581463,0.357
748500,0,0.419835,-419.49,0.461728,0.324
749000,0,0.36774,-419.299,0.136157,0.358714
749500,0,0.918823,-418.584,0.121179,0.342
750000,0,-0.912396,-419.338,1.22984,0.358889
750500,0,-0.336329,-419.571,1.24208,0.408
751000,0,0.421893,-418.285,0.558687,0.370667
751500,0,-0.132204,-418.192,1.20333,0.324
752000,0,0.321519,-419.355,0.372498,0.3715
752500,0,0.65819,-421.022,0.402834,0.39
753000,0,0.0624272,-421.903,0.982334,0.3655
753500,0,-0.94725,-418.412,1.78236,0.43
754000,0,0.867139,-423.243,0.253814,0.404
754500,0,-2.16006,-418.175,1.82676,0.346
755000,0,0.166672,-418.8,0.920493,0.371
755500,0,-3.38998,-418.098,0.990632,0.322
756000,0,0.925254,-418.147,0.0836836,0.3632
756500,0,1.03676,-418.448,0.106193,0.376
757000,0,0.610811,-418.563,0.175139,0.342
757500,0,0.975366,-418.695,0.021167,0.34
758000,0,-0.0259702,-418.902,0.0592328,0.338
758500,0,-0.890597,-419.524,1.6197,0.36
759000,0,0.707304,-420.826,0.315846,0.363
759500,0,0.11506,-418.922,0.858414,0.378
760000,0,0.306344,-418.353,0.400412,0.362
760500,0,0.463213,-418.527,0.19616,0.37
761000,0,-1.37857,-421.619,1.25792,0.368909
761500,0,0.331409,-419.961,0.680405,0.382
762000,0,0.14173,-419.69,0.840736,0.3623
762500,0,0.296567,-418.177,0.519819,0.364
763000,0,0.446343,-419.704,0.683423,0.364
763500,0,0.732318,-419.205,0.19946,0.358
764000,0,0.682671,-420.418,0.447422,0.366
764500,0,0.306501,-418.231,0.564082,0.318
765000,0,0.968852,-420.035,0.0144481,0.356
765500,0,0.980817,-418.549,0.110683,0.358
766000,0,0.900863,-419.475,0.0578116,0.366
766500,0,0.42249,-418.19,0.32617,0.36
767000,0,-0.279025,-418.554,1.11133,0.357667
767500,0,0.647516,-419.595,0.486736,0.36
768000,0,0.829619,-420.908,0.158395,0.3615
768500,0,0.560005,-419.487,0.162585,0.366
769000,0,-0.396653,-418.806,0.33062,0.355
769500,0,0.473704,-418.714,0.503157,0.358
770000,0,0.826467,-418.255,0.220535,0.356667
770500,0,0.748226,-418.266,0.374878,0.356
771000,0,1.05746,-420.219,0.0637599,0.358
771500,0,0.547838,-419.064,0.595402,0.356
772000,0,0.931525,-421.912,0.0335562,0.358167
772500,0,-0.167264,-419.073,1.08221,0.334
773000,0,0.493308,-420.386,0.559862,0.34
773500,0,1.01419,-418.806,0.0326499,0.364
774000,0,0.346385,-420.298,0.0750247,0.351
774500,0,0.0504799,-418.685,0.420364,0.354
775000,0,0.825176,-419.65,0.317626,0.346
775500,0,0.616926,-418.906,0.42704,0.34
776000,0,-0.516655,-418.798,0.239382,0.364
776500,0,-0.443648,-419.279,0.600726,0.364
777000,0,-0.106051,-418.306,0.305212,0.36775
777500,0,0.783,-418.69,0.28578,0.348
778000,0,-0.400715,-418.528,0.0449655,0.357
778500,0,-0.573933,-423.023,0.9568,0.394
779000,0,0.899383,-418.418,0.235664,0.373
779500,0,0.731881,-418.196,0.253332,0.388
780000,0,0.617684,-418.584,0.0847066,0.374
780500,0,-0.593982,-420.395,1.6196,0.386
781000,0,-0.4346,-424.349,1.52162,0.362417
781500,0,0.750624,-418.691,0.339858,0.358
782000,0,0.561441,-419.366,0.255638,0.37
782500,0,0.440071,-418.713,0.0432882,0.362
783000,0,0.972492,-419.715,0.16891,0.35575
783500,0,0.651321,-419.698,0.0311055,0.28
784000,0,0.334721,-419.02,0.610151,0.316
784500,0,0.91744,-418.883,0.187215,0.42
785000,0,0.00451292,-418.631,0.748988,0.39
785500,0,-0.426448,-419.117,0.779718,0.344
786000,0,-0.344858,-418.421,0.947098,0.355
786500,0,-1.84279,-418.289,2.21105,0.366
787000,0,-0.214366,-418.401,0.498694,0.359
787500,0,0.65758,-421.215,0.0485449,0.356
788000,0,0.850709,-419.236,0.179067,0.366
788500,0,-0.270124,-419.478,0.62418,0.362
789000,0,-0.430779,-418.678,1.5768,0.349
789500,0,-0.765807,-420.156,1.07371,0.288
790000,0,0.737193,-420.512,0.217465,0.3409
790500,0,0.639558,-418.279,0.185685,0.428
791000,0,-1.67963,-418.394,0.556105,0.3665
791500,0,0.845999,-419.826,0.289082,0.37
792000,0,-0.18117,-418.404,0.215799,0.359
792500,0,0.107054,-419.89,0.855927,0.45
793000,0,-0.0621199,-420.434,0.687436,0.403
793500,0,0.444847,-418.313,0.696716,0.29
794000,0,0.718388,-419.414,0.420696,0.313
794500,0,0.657556,-418.791,0.475833,0.298
795000,0,-1,-418.402,0.158458,0.3818
795500,0,0.9405,-419.833,0.0903617,0.324
796000,0,0.772263,-419.137,0.370146,0.366429
796500,0,-0.256587,-418.188,0.775044,0.344
797000,0,-0.744113,-418.432,0.952502,0.3495
797500,0,-0.343099,-419.444,0.592926,0.39
798000,0,0.802557,-421.04,0.116924,0.370048
798500,0,0.532138,-418.959,0.563288,0.368
799000,0,-0.785172,-420.447,0.931826,0.345
799500,0,0.303607,-420.402,0.797573,0.346
800000,0,0.194049,-418.367,0.162034,0.34375
800500,0,-0.331373,-420.818,1.47231,0.324
801000,0,0.916404,-418.877,0.219615,0.296714
801500,0,0.420267,-422.066,0.72052,0.326
802000,0,1.03284,-418.417,0.110305,0.317
802500,0,0.803561,-422.63,0.331155,0.312
803000,0,1.10838,-419.709,0.0262637,0.257
803500,0,1.08963,-420.004,0.0291521,0.264
804000,0,-1.84205,-420.416,1.11384,0.3458
804500,0,-0.362984,-418.835,0.880967,0.408
805000,0,0.843497,-419.511,0.275229,0.2785
805500,0,0.938469,-420.76,0.175373,0.266
806000,0,-0.191363,-418.271,0.948554,0.335833
806500,0,0.414274,-419.588,0.531762,0.336
807000,0,0.331329,-420.143,0.809899,0.369
807500,0,-0.118986,-418.682,0.752621,0.326
808000,0,0.992643,-419.82,0.139642,0.292636
808500,0,0.801717,-418.611,0.333967,0.266
809000,0,-0.628488,-418.385,1.77492,0.333667
809500,0,-3.01201,-419,0.259158,0.312
810000,0,0.634918,-419.511,0.500096,0.284
810500,0,0.824878,-418.874,0.304945,0.296
811000,0,0.751868,-418.24,0.387884,0.284667
811500,0,1.0232,-418.654,0.109652,0.29
812000,0,0.972649,-418.772,0.15748,0.275
812500,0,0.822693,-419.356,0.309759,0.308
813000,0,0.236408,-419.142,0.907914,0.3425
813500,0,0.253593,-418.228,0.816507,0.34
814000,0,0.185676,-418.639,0.954943,0.308
814500,0,1.01018,-419.19,0.120527,0.292
815000,0,1.05893,-419.631,0.068929,0.255
815500,0,0.552491,-418.226,0.587426,0.282
816000,0,-0.374725,-420.959,1.4962,0.282
816500,0,-1.50261,-418.547,2.63822,0.264
817000,0,0.74422,-418.386,0.393344,0.271
817500,0,0.0721814,-419.532,1.05566,0.258
818000,0,-0.00725202,-419.487,0.125818,0.3452
818500,0,-0.742411,-419.629,0.0595836,0.34
819000,0,0.431183,-419.393,0.697443,0.2705
819500,0,0.804155,-420.505,0.328555,0.32
820000,0,0.792334,-419.169,0.347808,0.300818
820500,0,1.03798,-420.852,0.0997341,0.288
821000,0,0.596819,-421.011,0.545442,0.297
821500,0,-0.319613,-420.215,1.07939,0.354
822000,0,1.01405,-419.639,0.125551,0.300333
822500,0,0.58858,-421.138,0.551744,0.296
823000,0,-0.234419,-420.441,0.00970533,0.301
823500,0,0.0811471,-420.601,0.305926,0.366
824000,0,0.688817,-418.595,0.305144,0.364
824500,0,0.414633,-418.859,0.300619,0.35
825000,0,0.0465104,-418.704,0.0689411,0.355
825500,0,0.519382,-418.653,0.624703,0.342
826000,0,0.622845,-419.385,0.507197,0.286938
826500,0,1.07924,-419.794,0.0405779,0.282
827000,0,-1.30899,-418.335,1.62533,0.360667
827500,0,-0.163433,-424.341,0.441052,0.3
828000,0,-1.50916,-418.837,0.515037,0.335
828500,0,0.191431,-419.558,0.286746,0.402
829000,0,-0.101173,-418.365,0.911342,0.401
829500,0,-1.01798,-418.149,2.02984,0.354
830000,0,-0.73834,-418.737,1.85562,0.36
830500,0,-1.05953,-420.2,1.24924,0.344
831000,0,0.727426,-420.141,0.212044,0.367
831500,0,-0.702519,-418.697,0.443699,0.406
832000,0,0.0932785,-419.914,1.04384,0.296667
832500,0,0.038708,-419.176,0.0898154,0.338
833000,0,-0.119553,-419.427,0.79411,0.364
833500,0,-0.461887,-419.291,0.628145,0.364
834000,0,0.520156,-419.492,0.0474972,0.362
834500,1,-2.13513,-417.895,0.515761,0.408
835000,0,-0.485923,-418.182,1.20517,0.370333
835500,0,0.895435,-421.134,0.241272,0.358
836000,0,0.110066,-420.921,0.939203,0.3815
836500,0,0.13064,-420.883,0.31439,0.354
837000,0,-0.498677,-418.383,0.112892,0.343
837500,0,0.519036,-419.251,0.233217,0.334
838000,0,1.10045,-419.585,0.0103278,0.363333
838500,0,0.422803,-420.053,0.112356,0.32
839000,0,0.296985,-420.551,0.593223,0.311
839500,0,0.742753,-423.41,0.395506,0.318
840000,0,0.648059,-419.64,0.17246,0.335
840500,0,0.522589,-418.362,0.0343364,0.338
841000,0,0.886983,-418.477,0.246914,0.356
841500,0,0.385278,-419.143,0.452016,0.35
842000,0,-0.414808,-420.728,0.477148,0.362176
842500,0,-0.176838,-419.647,0.562233,0.358
843000,0,0.758087,-418.678,0.225677,0.371
843500,0,0.746584,-418.228,0.0458899,0.352
844000,0,-0.185605,-420.099,0.0681752,0.351
844500,0,0.553508,-419.589,0.583692,0.368
845000,0,0.546024,-419.066,0.211746,0.3595
845500,0,-0.925166,-420.516,0.822794,0.376
846000,0,0.0177367,-419.653,1.05093,0.364133
846500,0,0.646969,-421.02,0.261376,0.362
847000,0,0.0873144,-420.53,0.153222,0.3567
847500,0,-0.161515,-418.466,0.215551,0.336
848000,0,-0.308756,-420.159,0.457069,0.336
848500,0,-0.233809,-419.564,0.780861,0.364
849000,0,0.747576,-418.952,0.230208,0.358
849500,0,1.03152,-418.918,0.0278069,0.348
850000,0,-1.14943,-418.293,2.02721,0.348
850500,0,0.599774,-420.475,0.4312,0.374
851000,0,0.765389,-418.949,0.379891,0.3628
851500,0,0.383066,-418.408,0.628292,0.28
852000,0,-1.95654,-418.654,1.11789,0.358857
852500,0,0.10586,-418.277,0.498759,0.35
853000,0,0.207141,-418.157,0.0719398,0.39
853500,0,-0.512849,-420.111,0.152423,0.358
854000,0,0.670303,-420.623,0.471145,0.3603
854500,0,0.619398,-419.335,0.217849,0.382
855000,0,-0.158005,-418.447,0.822983,0.376
855500,0,1.0594,-421.239,0.0399748,0.398
856000,0,0.200602,-418.741,0.921707,0.357667
856500,0,-1.19164,-418.493,1.3062,0.382
857000,0,-0.323056,-418.584,1.04655,0.379
857500,0,0.628087,-420.259,0.450175,0.388
858000,0,1.02716,-419.102,0.0694498,0.363143
858500,0,0.826537,-420.554,0.239666,0.348
859000,0,0.309747,-419.15,0.434508,0.365
859500,0,0.317909,-419.127,0.564651,0.362
860000,0,0.833148,-420.49,0.137674,0.354
860500,0,0.849728,-419.011,0.0110945,0.348
861000,0,1.10911,-420.947,0.035584,0.363909
861500,0,-0.182036,-421.109,0.238673,0.352
862000,1,-0.646214,-418.592,1.22774,0.3625
862500,0,-1.28313,-420.438,0.0905441,0.368
863000,0,-0.899459,-418.799,0.113472,0.358
863500,0,-0.0134533,-418.4,0.848668,0.454
864000,0,0.141301,-422.287,0.858485,0.362
864500,0,0.538339,-418.845,0.397569,0.36
865000,0,0.887422,-419.841,0.0747779,0.363
865500,1,-1.03026,-415.247,1.50978,0.342
866000,1,0.970524,-413.519,0.208276,0.347
866500,0,0.753176,-421.036,0.0280452,0.346
867000,0,-0.702887,-419.287,1.42154,0.322
867500,0,0.295543,-418.434,0.0367977,0.402
868000,0,-0.545669,-425.263,0.815953,0.362
868500,0,-0.696299,-422.19,0.391805,0.368
869000,0,-0.186828,-418.965,0.243564,0.347
869500,0,0.247676,-418.829,0.897568,0.35
870000,0,0.265627,-422.674,0.074972,0.3574
870500,0,-0.617273,-418.925,1.46045,0.352
871000,0,-0.811782,-418.621,0.448373,0.368
871500,0,-2.50737,-419.564,0.256256,0.384
872000,0,0.782871,-418.976,0.00135529,0.3508
872500,0,-0.772503,-420.297,1.87707,0.36
873000,0,0.138735,-419.019,0.0242274,0.352
873500,0,-0.602252,-418.808,1.3639,0.342
874000,0,-0.511058,-419.203,0.698849,0.349
874500,0,-0.186769,-418.436,1.20755,0.368
875000,0,-1.34014,-418.133,0.405642,0.353167
875500,0,0.956645,-420.901,0.173819,0.376
876000,0,0.21305,-418.287,0.375413,0.362
876500,0,-0.417099,-418.556,1.34194,0.37
877000,0,0.524192,-418.793,0.493667,0.35825
877500,0,0.421632,-418.664,0.0243338,0.418
878000,0,-0.282247,-421.791,0.288297,0.39
878500,0,-0.207242,-419.644,0.459021,0.318
879000,0,0.374159,-418.139,0.544612,0.327
879500,0,-0.868655,-419.179,0.81405,0.38
880000,0,0.443976,-418.313,0.612252,0.362167
880500,0,0.440036,-418.377,0.602449,0.35
881000,0,0.34682,-419.125,0.00608115,0.3428
881500,0,-0.574698,-419.007,1.65041,0.324
882000,0,0.475957,-420.578,0.185346,0.364667
882500,0,-1.0735,-418.427,0.979584,0.346
883000,0,0.944853,-420.078,0.166433,0.329
883500,0,1.11293,-421.436,0.0320867,0.344
884000,0,-0.237757,-419.918,0.407904,0.361
884500,0,0.907564,-421.492,0.102677,0.314
885000,0,0.0203334,-420.002,0.0347555,0.343
885500,0,-0.634452,-420.082,1.16769,0.334
886000,0,-0.362605,-420.613,0.3073,0.332
886500,0,0.836676,-420.201,0.185268,0.344
887000,0,0.437931,-420.215,0.674649,0.305
887500,0,-0.123028,-418.74,1.26344,0.308
888000,0,0.408668,-421.312,0.730091,0.3555
888500,0,0.961225,-422.188,0.0796935,0.398
889000,0,1.06975,-419.824,0.0537729,0.327857
889500,0,0.682322,-418.297,0.456615,0.336
890000,0,0.866376,-418.755,0.268424,0.339
890500,0,0.851367,-420.038,0.263001,0.292
891000,0,0.00361348,-421.968,1.08097,0.266
891500,0,1.04466,-420.217,0.0713486,0.294
892000,0,0.94354,-422.821,0.144816,0.253
892500,0,1.03331,-419.517,0.0978226,0.242
893000,0,-0.00059541,-419.909,0.722084,0.362
893500,0,-0.158063,-418.532,1.02567,0.394
894000,0,0.706461,-419.513,0.0368372,0.388
894500,0,0.220965,-419.86,0.161802,0.292
895000,0,-2.23663,-419.11,0.277551,0.317
895500,0,0.388301,-419.084,0.392505,0.346
896000,0,0.807615,-418.534,0.0461495,0.355125
896500,0,-1.2208,-418.515,1.64293,0.358
897000,0,0.252789,-418.457,0.20399,0.355
897500,0,0.138639,-421.498,0.150674,0.384
898000,0,-0.26554,-419.924,0.6127,0.358
898500,0,-2.09981,-418.14,0.251591,0.354
899000,0,0.903304,-418.904,0.234267,0.276714
899500,0,0.954979,-418.413,0.184727,0.334
900000,0,0.919876,-418.617,0.221621,0.31
900500,0,0.788111,-419.129,0.3452,0.272
901000,0,0.572578,-419.966,0.547563,0.291
901500,0,-0.25692,-419.498,1.38394,0.28
902000,0,0.623703,-418.354,0.516449,0.28
902500,0,0.573554,-420.531,0.544844,0.3
903000,0,0.603589,-418.912,0.220494,0.347187
903500,0,-0.160049,-418.12,0.212316,0.374
904000,0,0.15754,-418.348,0.0850626,0.388
904500,0,-1.36783,-419.38,0.139842,0.372
905000,0,0.307548,-419.97,0.678875,0.342
905500,0,0.148778,-419.055,0.566097,0.394
906000,0,1.11217,-420.754,0.00775516,0.39
906500,0,0.430714,-419.256,0.124759,0.358
907000,0,0.128169,-419.33,1.01121,0.359
907500,0,1.10996,-426.568,0.0216768,0.228
908000,0,0.824602,-420.838,0.29213,0.293167
908500,0,0.915952,-419.241,0.218413,0.306
909000,0,0.139203,-419.02,0.99264,0.279
909500,0,0.97829,-418.731,0.162754,0.296
910000,0,-0.0466097,-419.131,0.332524,0.353583
910500,0,0.103355,-419.848,0.566611,0.398
911000,0,-0.0844249,-420.098,0.0122484,0.375
911500,0,0.548324,-418.462,0.317112,0.386
912000,0,0.902923,-419.36,0.240091,0.3478
912500,1,0.760773,-423.843,0.296497,0.356
913000,0,0.272548,-420.721,0.779817,0.368
913500,0,0.191172,-418.126,0.0354206,0.332
914000,0,0.11561,-421.484,0.646515,0.359789
914500,0,0.707161,-418.495,0.438355,0.336
915000,0,0.636823,-419.21,0.109477,0.321
915500,0,0.30299,-419.802,0.175696,0.366
916000,0,-0.862708,-418.652,0.967527,0.34975
916500,0,-0.173488,-418.879,0.0441329,0.36
917000,1,0.962866,-419.326,0.142086,0.352
917500,0,0.854051,-419.014,0.0574671,0.412
918000,0,0.617731,-418.19,0.110163,0.384
918500,0,-0.143821,-420.388,0.216191,0.352
919000,0,-0.0522476,-420.898,0.165198,0.38
919500,0,0.580485,-419.022,0.542579,0.338
920000,0,0.577311,-418.244,0.351304,0.348714
920500,0,0.153691,-418.756,0.192109,0.344
921000,0,0.0234996,-419.708,0.100068,0.3575
921500,0,0.9243,-418.192,0.0552658,0.356
922000,0,-0.280707,-419.803,0.522687,0.298923
922500,0,-0.308852,-418.534,0.120713,0.348
923000,0,0.603664,-418.183,0.0537297,0.346
923500,0,-0.318158,-418.286,0.718301,0.374
924000,0,-2.13994,-419.503,0.0821134,0.3638
924500,0,-0.0976216,-419.008,0.521572,0.386
925000,0,-0.831478,-418.403,0.0171364,0.3616
925500,0,0.549906,-418.185,0.17525,0.394
926000,0,0.492455,-418.961,0.645843,0.363
926500,0,0.653775,-419.308,0.152053,0.372
927000,0,0.225339,-423.646,0.855461,0.362
927500,0,0.713648,-420.915,0.277869,0.326
928000,0,0.436571,-420.51,0.643138,0.349
928500,0,-1.3233,-420.973,0.956704,0.306
929000,0,0.0551446,-418.457,0.654186,0.395
929500,0,-1.34691,-419.494,0.976647,0.35
930000,0,-0.622823,-418.132,0.663583,0.344
930500,0,0.393517,-420.601,0.536642,0.386
931000,1,-0.165339,-421.619,1.51253,0.364
931500,0,-0.97333,-420.513,0.432569,0.39
932000,0,-0.257392,-418.503,0.772827,0.368
932500,0,-0.686584,-420.283,0.784802,0.372
933000,0,0.211854,-419.216,0.180222,0.340091
933500,0,0.446283,-418.162,0.350624,0.462
934000,0,-0.373298,-418.621,1.48323,0.394
934500,0,0.237623,-418.347,0.458072,0.396
935000,1,-2.5237,-418.917,0.845348,0.381
935500,0,-0.661177,-419.299,0.935587,0.356
936000,0,0.82255,-420.968,0.183526,0.364
936500,0,-0.740955,-418.804,1.22504,0.38
937000,0,-0.155972,-418.386,1.22562,0.383
937500,0,0.751651,-418.367,0.179576,0.41
938000,0,-0.896288,-419.292,1.95725,0.387
938500,0,-0.713355,-419.996,0.275736,0.32
939000,0,-1.94692,-418.256,2.40409,0.365063
939500,0,0.456456,-419.683,0.275754,0.326
940000,0,0.667651,-418.19,0.17741,0.3633
940500,0,-0.000276201,-420.196,1.05644,0.376
941000,0,0.114415,-419.086,0.0974079,0.355833
941500,0,0.41626,-418.203,0.115829,0.384
942000,0,0.392687,-418.487,0.0927699,0.36
942500,0,0.693434,-419.513,0.109026,0.374
943000,0,0.472137,-420.079,0.642806,0.373
943500,0,-0.776699,-420.381,0.783472,0.356
944000,0,0.424291,-419.078,0.536294,0.371
944500,0,0.730134,-419.793,0.308161,0.37
945000,1,-0.102836,-417.192,0.415943,0.3704
945500,0,1.09325,-418.891,0.0206304,0.516
946000,0,0.166073,-419.152,0.778497,0.356
946500,0,-0.253254,-418.317,0.565001,0.37
947000,0,-0.883382,-418.747,0.666726,0.358667
947500,0,-3.20012,-419.527,0.226155,0.356
948000,0,0.583319,-418.271,0.395479,0.355
948500,0,0.0969291,-418.738,0.419102,0.362
949000,0,0.373949,-418.892,0.732872,0.372
949500,0,0.898324,-418.452,0.0148529,0.404
950000,0,0.593888,-421.072,0.537899,0.327222
950500,0,0.531351,-418.867,0.0894706,0.348
951000,0,-0.166107,-419.619,1.12097,0.355
951500,0,0.917549,-418.941,0.0611262,0.388
952000,0,0.013435,-418.336,0.173113,0.376
952500,0,0.951856,-418.806,0.191836,0.38
953000,0,-0.524171,-418.697,0.063927,0.374375
953500,0,0.188673,-419.182,0.772268,0.368
954000,0,-0.311758,-419.119,1.45267,0.367
954500,0,-0.102549,-418.639,0.65607,0.382
955000,0,0.570637,-420.705,0.160772,0.385125
955500,0,0.705454,-418.399,0.186407,0.356
956000,0,0.550741,-420.459,0.111849,0.35525
956500,0,-0.466177,-420.728,1.49437,0.354
957000,0,-0.48935,-420.22,0.823535,0.355
957500,0,-2.54731,-418.953,0.409619,0.364
958000,0,0.812375,-421.184,0.124147,0.348
958500,0,0.0947949,-419.545,0.428553,0.372
959000,0,0.753337,-418.304,0.0934633,0.3684
959500,0,-0.217615,-419.819,0.506497,0.386
960000,0,0.598466,-418.659,0.26556,0.372
960500,0,0.099385,-418.415,0.82793,0.372
961000,0,0.960619,-418.168,0.032877,0.382
961500,0,0.561294,-421.139,0.547845,0.362
962000,0,0.522572,-419.341,0.0332853,0.366615
962500,0,0.715677,-419.625,0.206262,0.386
963000,0,-0.548373,-419.09,0.0706427,0.381
963500,0,-1.68566,-419.296,0.216998,0.32
964000,0,-0.966296,-418.627,0.314085,0.338
964500,0,0.81243,-419.891,0.316842,0.346
965000,0,1.10267,-420.324,0.0210792,0.342
965500,0,-2.53912,-419.591,0.291889,0.358
966000,0,-0.861762,-420.861,0.55889,0.3684
966500,0,0.517761,-419.252,0.273578,0.328
967000,0,0.785024,-418.724,0.24106,0.342
967500,0,-0.483702,-418.827,0.910586,0.314
968000,0,-0.0873258,-419.044,0.63519,0.356
968500,0,0.038982,-420.312,0.638266,0.362
969000,0,0.371311,-418.692,0.774126,0.35075
969500,0,0.756069,-419.062,0.385978,0.312
970000,0,-0.11623,-419.682,0.437929,0.358
970500,0,-0.0708809,-419.855,1.20961,0.344
971000,0,0.892063,-421.41,0.0852275,0.350917
971500,0,0.726888,-419.772,0.326571,0.374
972000,0,0.157308,-418.67,0.503376,0.354
972500,0,0.870617,-418.223,0.126797,0.366
973000,0,0.0550987,-418.765,0.998568,0.35075
973500,0,0.51489,-419.197,0.421205,0.382
974000,0,0.00908702,-419.89,0.593269,0.357
974500,0,-0.00644992,-418.626,0.375699,0.342
975000,0,0.968143,-419.125,0.0914584,0.357
975500,0,-0.453049,-419.469,0.499551,0.364
976000,0,0.00762201,-418.49,0.71019,0.36
976500,0,0.928693,-420.228,0.210478,0.364
977000,0,-0.171999,-420.682,0.689796,0.321
977500,0,-0.491256,-418.769,0.580824,0.382
978000,0,0.431529,-420.004,0.6596,0.356667
978500,0,1.12938,-418.429,0.0121698,0.368
979000,0,0.56744,-418.603,0.53614,0.37
979500,0,0.264863,-418.498,0.765793,0.354
980000,0,0.708193,-418.415,0.404713,0.361
980500,0,-0.460444,-419.464,0.732272,0.376
981000,0,-2.60882,-418.613,0.407517,0.324727
981500,0,0.0334422,-420.205,1.06861,0.34
982000,0,0.638367,-419.233,0.402456,0.323
982500,0,-1.37224,-418.439,2.15874,0.368
983000,0,0.111459,-418.721,0.0506725,0.36
983500,0,0.963537,-420.867,0.0445921,0.334
984000,0,0.589229,-418.354,0.207935,0.349
984500,0,0.371428,-418.818,0.306002,0.356
985000,0,0.51139,-418.582,0.624957,0.351667
985500,0,0.780051,-419.939,0.160735,0.352
986000,0,-1.78838,-421,0.974995,0.367
986500,0,0.182053,-418.75,0.824027,0.328
987000,0,-0.153419,-418.77,1.28669,0.361857
987500,0,0.593853,-418.933,0.533365,0.298
988000,0,-0.336702,-419.712,1.45292,0.276
988500,0,0.875479,-419.023,0.264188,0.276
989000,0,0.0710864,-419.09,0.0484854,0.363333
989500,0,-0.293899,-418.2,0.103797,0.356
990000,0,0.95558,-424.989,0.109015,0.331
990500,0,1.00058,-424.119,0.0663297,0.206
991000,0,1.08436,-419.087,0.0602037,0.293333
991500,0,0.484587,-418.589,0.654556,0.282
992000,0,0.622644,-419.651,0.506857,0.313
992500,0,-0.554615,-418.541,0.33034,0.382
993000,0,1.00173,-420.957,0.141859,0.36025
993500,0,0.716191,-418.389,0.312869,0.364
994000,0,0.687858,-422.93,0.427296,0.2625
994500,0,0.976346,-421.679,0.119182,0.272
995000,0,0.948222,-418.891,0.107168,0.35
995500,0,0.827801,-421.06,0.138756,0.358
996000,0,0.596916,-419.037,0.162691,0.356
996500,0,-2.13729,-418.288,0.383297,0.348
997000,0,0.795362,-419.975,0.0778012,0.354769
997500,0,0.999351,-418.868,0.0400542,0.348
998000,0,-0.0503374,-421.709,1.15746,0.28375
998500,0,0.235983,-423.932,0.868788,0.278
999000,0,0.651657,-422.017,0.437147,0.282
999500,0,0.38883,-420.749,0.712091,0.274
