8463
8467
8469
8472
8475
8479
8481
8485
8496
8499
8501
8502
8503
8508
8517
8519
8520
8524
8527
8532
8534
8535
8539
8542
8544
8545
8546
8547
8551
8554
8557
8558
8559
8569
8574
8576
8582
8584
8585
8587
8590
8592
8595
8597
8600
8605
8607
8609
8611
8613
8614
8616
8618
8621
8623
8624
8626
8628
8629
8630
8631
8633
8635
8637
8639
8643
8644
8649
8654
8655
8656
8657
8658
8659
8660
8663
8665
8668
8670
8671
8673
8676
8678
8682
8684
8685
8686
8688
8692
8693
8694
8695
8697
8698
8700
8704
8706
8707
8714
8715
8717
8718
8720
8722
8723
8724
8725
8726
8727
8729
8730
8731
8733
8735
8737
8739
8740
8741
8743
8744
8746
8752
8756
8757
8758
8765
8767
8769
8770
8773
8781
13085
13735
27787
27788
27790
27794
28377
29156
31137
31140
31142
31143
31155
31157
31162
33563
33564
33565
33566
33567
33568
33569
33570
33571
33572
33573
33626
34903
34990
34994
34996
34997
34998
35000
35001
35002
35003
35004
35005
35006
35007
35008
35009
35010
35011
35012
35013
35014
35015
35016
35017
35018
35019
35020
35021
35024
35025
35027
35670
35671
36306
36307
36309
36310
37197
37593
38243
38244
38245
38654
38656
38658
38772
38773
38882
38883
38884
38885
38886
38887
38888
38889
38890
38891
38892
38893
38894
38895
38896
38897
38898
38899
38900
38901
38932
38934
38935
38937
38938
38939
39023
39075
39078
39080
39094
39096
39099
39267
39278
39283
39287
39294
39302
39306
39309
39310
39311
39313
39328
39359
39364
39366
39386
39390
39393
39682
40250
40353
40675
41898
42165
42751
43584
43586
43588
43591
43593
43597
43600
43601
43606
43609
43610
43611
43612
43615
43619
43620
43622
43624
43625
43627
43628
43629
43630
43631
43632
43634
43635
43636
43637
43638
43639
43641
43645
43647
43650
43652
43653
44141
44142
44144
44145
44147
44148
44149
44150
44151
44152
44400
44489
44491
44492
44495
44497
44502
44504
44507
44510
44520
44522
44526
44528
44530
44709
44710
44711
44717
44720
44722
44724
44725
44727
44729
44732
44735
45673
46195
46196
46262
46264
46267
46271
46273
46274
46276
46278
46280
46282
46284
46286
46287
46295
46297
46301
46305
46309
46311
46313
46336
46337
46577
47723
47724
47725
47728
47729
47769
48253
48399
49203
50047
51129
51191
51206
51208
51210
51211
51212
51214
51215
51217
51220
51742
51743
51744
51745
51746
51747
51748
51750
51751
51752
51753
51756
51844
51846
51848
51850
51851
51853
51854
51857
51858
51860
51861
51864
51867
51868
51869
51870
51871
51876
51877
51879
51881
51883
51888
51889
51891
51895
51896
51957
51980
52167
52169
52172
52175
52179
52180
52183
52184
52188
52189
52191
52193
52194
52196
52198
52200
52202
52204
52206
52208
52210
52214
52216
52218
52220
52222
52224
52435
52575
52576
52577
53272
54390
55260
55266
55534
55535
55537
55542
55544
55547
55550
56116
56549
57064
57097
57098
57224
57233
57312
57313
57314
57315
57316
58190
58191
58192
58193
58195
58678
58679
58680
58681
58682
58683
58684
58685
58686
58687
58688
58689
58690
58691
58692
58693
58694
58695
58696
58697
58698
58699
58700
58701
58702
58703
58704
59692
59693
59694
59696
59697
59699
59700
59702
59703
59704
59705
59707
59708
59709
59711
59713
59714
59715
59716
59718
59719
59720
59721
59722
59723
59724
59725
59726
59727
59766
59768
59770
60220
61161
61221
61225
61265
61304
61327
62035
62037
62038
62040
62041
62042
62043
62044
62045
62046
62047
62048
62049
62050
62051
62052
62053
62058
63294
63339
63340
63341
63342
63343
64174
64175
64176
64182
64413
64414
64415
65476
65481
65482
65483
65484
65485
65486
65995
65997
66058
66059
66178
66179
66184
66186
66188
66189
66190
66193
66194
68350
68351
68352
68353
68354
68356
68455
70539
71008
71009
71010
71011
71013
71015
71017
71019
71021
71023
71025
71146
71147
71148
71149
71158
71687
71690
71734
71735
71736
71737
71738
71739
71740
72008
74081
74358
74359
74361
74362
74363
74364
74365
74366
74367
74369
74398
74558
74909
74912
74914
74916
74920
74922
74924
74926
74928
74930
74934
74936
74938
75240
75241
75242
75243
75244
75246
75247
75248
75249
75250
75253
75254
75255
75256
75257
75258
75259
75260
75261
75262
75263
75264
75266
75267
75268
75269
75270
75271
75272
75273
75274
75275
75280
75282
75283
75691
76642
76644
76645
76646
76647
76648
76649
76650
76652
76654
78585
80426
80427
80442
80444
80446
80448
80450
80452
80454
80456
80458
80460
80462
80463
80464
80465
80466
80467
80468
80469
81581
81825
81826
81828
81829
81831
82168
82663
83403
84099
84273
84476
85608
85611
85613
86195
86305
86975
86976
88079
88081
88082
88083
88085
88086
88087
88090
88091
88162
88690
88858
88860
88863
88864
88866
88867
89021
89022
89023
89024
89025
89026
89027
89028
89029
89030
89031
89032
89036
89468
89910
90065
90392
90520
90521
90522
90523
90904
90906
90907
91904
91906
91907
91908
91909
91910
92438
92519
92836
94413
94415
94417
94420
94421
94423
94835
94850
94859
94860
94862
94864
94874
94884
94885
94886
94887
94888
94889
94893
94895
94897
94899
94901
94903
94905
94906
94945
95110
95112
95114
95120
95122
95124
95126
95232
95347
95620
95621
95648
96427
96428
96430
96432
96437
96438
96439
96440
96441
96443
96505
96718
96720
96722
96724
96725
96729
96731
96733
96735
96739
96741
96743
96745
96749
96750
96753
96754
96755
96757
96758
96759
96761
96763
96794
96795
96982
98334
99586
100213
100823
100989
101163
101490
101491
101697
101699
101700
101701
102173
102174
102175
102176
102178
102180
102182
102183
102184
102185
102186
102189
102192
102193
102194
102195
102197
102199
103336
103337
103656
103692
103693
103694
103695
103696
103697
103699
103701
103703
103705
103939
103940
103941
103942
103944
104610
105716
105718
105720
105722
105726
105727
105728
105729
105730
105731
105732
105733
105734
105735
105738
105739
105740
105741
105742
105743
105994
105995
106597
106598
106599
106894
107380
107381
107382
107383
107384
107385
109391
109392
109393
109394
109395
109396
109397
109398
109399
109400
109401
109402
109403
109404
109405
109406
109407
109408
109409
109410
109411
109412
109413
109414
109415
109416
109417
109418
109419
109420
109421
109422
109423
109424
109425
109426
109427
109428
109429
109430
109431
109432
109434
109435
109436
109437
109438
109439
109440
109441
109443
109444
109445
109469
109779
109780
109781
109782
109783
109784
109786
109788
109979
109980
110123
110196
110197
110198
110200
110201
110202
110204
110207
110209
110210
110211
110212
110216
110218
110220
110221
110222
110223
110224
110225
110227
110853
110854
110855
110856
110857
110859
111170
111177
111179
111180
111183
111505
111506
111507
111511
111512
111513
111514
111515
111516
111517
111518
111884
111945
111947
111948
113192
113361
113362
113363
114670
116113
116114
116115
116116
116117
116118
117607
118085
118086
118087
118088
118090
118092
118093
118094
118095
118096
118097
118098
118195
118196
118199
118202
118204
118208
118209
118210
118211
118212
118214
118215
118216
118218
118220
118224
118226
118227
118229
118233
118235
118236
118237
118238
118240
118244
118651
118652
118653
118654
118677
118678
118679
118683
118684
118688
118841
118842
118843
118844
118845
118846
118847
118848
118849
118850
118851
120302
120305
120309
120310
120312
120313
120314
120315
120317
121295
121296
121297
121298
121303
121306
121308
121309
121310
121311
121312
121313
121314
121315
121317
121318
121319
121320
121322
121323
121324
121326
121328
121331
121332
121334
121336
121338
121339
121341
121343
121344
121346
121347
121348
121349
121350
121352
121354
121355
121356
121359
121360
121362
121364
121366
121368
121370
121372
121374
121376
121377
121378
121380
121381
121382
122284
122285
122286
122289
122331
122332
122333
122334
122335
122336
122337
122349
122350
122351
122352
122353
122391
122392
122393
122585
122933
122934
122936
124101
124102
124103
124104
124105
124106
124107
124108
124109
124110
124111
124112
124113
124114
124115
124116
124117
124118
124119
124120
124121
124122
124123
124124
124125
125865
125866
125868
125870
125871
125873
125876
126483
126484
126606
126608
126609
126610
126612
126613
126615
126616
126622
126624
126628
126629
127583
127584
127585
127903
127904
127905
128441
129310
129326
129327
129328
129329
129330
129331
129332
129333
129457
129458
129459
129460
129461
129462
129463
129464
129468
129469
129470
129731
130739
130740
130741
130742
130743
130744
130745
130746
130749
130750
130752
132961
133440
136856
140017
140042
140051
141269
141892
141893
141894
141895
141896
141897
141898
141899
141900
141901
141902
142480
142482
142483
142484
142486
142487
143468
143473
143504
143513
143529
143530
143536
143537
143538
143539
143540
143552
143557
143565
143626
143630
143640
143652
143654
143661
143662
143666
144206
145363
145364
145399
145400
145401
145402
145403
145404
146528
146909
146910
146911
146912
146913
146917
149019
149020
150057
151044
152266
152582
152585
152586
152587
152588
152590
152591
152593
153630
153722
153723
155208
155209
155307
155308
155309
155310
155313
155315
155317
155319
155320
156899
156900
156901
156902
156905
156907
156908
157295
157546
157547
157549
157552
157553
157554
157556
157559
158800
158804
158814
158815
158816
158819
159093
159094
159095
159096
159136
159164
159165
159166
159167
159168
159169
159170
159171
159172
159173
159174
159175
159176
159178
159179
159180
159181
159182
159310
159718
161133
161134
161137
161138
161139
161140
161142
161144
161146
161148
161149
161150
161655
161718
161940
161942
161944
161945
161946
161948
161960
161962
162267
162269
162270
162271
162334
162335
162336
162337
162339
162340
162341
162342
162343
162344
162345
162346
162347
162348
162349
162350
162351
162352
162353
162354
162355
163490
163491
163493
163494
163495
163496
165029
165032
165035
165041
165043
165048
166082
166084
166085
166086
166087
166088
166089
166090
166091
166093
166094
166095
166096
166097
166098
166099
166101
166103
166105
166936
167112
167113
167114
167116
167117
167118
167119
167120
167121
167804
169668
169836
169837
169839
169840
169841
169842
169843
169844
169845
169846
169847
169850
169851
169852
169853
169854
169855
169856
169857
169858
169861
171126
171127
171128
171129
171131
171134
171135
171137
171139
171141
171142
171146
171152
171153
171154
171155
171156
171157
171160
171162
171643
171644
171646
171647
171649
171650
171651
171652
171792
171793
171798
171799
172665
172933
172934
172936
172937
172938
172939
172940
172942
173359
173360
173528
173529
173530
173531
173532
173533
173535
174261
174263
174264
174265
174273
174278
174280
174283
174284
174285
174286
174287
174297
174298
174726
174727
174728
174729
174730
174731
174768
174769
174770
174771
174773
174774
174775
174776
174777
174778
174779
174780
174781
174783
174784
174786
174788
174789
174790
174792
174793
174794
174795
174796
174797
174800
174801
174802
174803
174804
174805
174806
174807
174809
174827
174829
175140
175446
175447
175448
175449
175450
175451
175452
175453
175455
175456
175457
175458
175459
175460
175461
175463
175464
175465
175466
175467
175468
175469
175470
175471
175472
175473
176192
176193
176194
176196
176197
176666
176946
178379
178380
178381
178382
178384
178817
178818
178819
178820
178821
179242
179243
179244
179245
179246
179247
179248
179249
179250
179251
179252
179253
179254
179255
179256
179257
179261
179263
179265
179267
179268
179269
179886
179887
179889
179890
179892
179893
179894
179895
179896
179897
179898
179899
179900
179902
179903
179904
179906
179907
179908
179909
179910
179911
179912
179914
179915
179916
179917
179918
179920
179921
179922
179923
179924
179925
179926
179927
179928
179929
179930
179999
180000
180001
180002
180003
180004
180005
180006
180007
180008
180179
180527
180905
180906
180907
180908
180909
180910
180911
180912
180913
180914
181670
181671
182351
183598
183600
183602
183606
183607
183608
183609
183610
183611
183612
183613
183614
184156
184161
184164
184165
184168
184234
184236
184237
184238
184239
184240
184242
184245
184459
184460
184461
184544
184545
184593
184780
185342
185343
185344
185346
185347
185348
185349
185350
185351
185352
185353
185354
185356
185474
185476
185477
185479
185480
185481
186169
186441
186543
186546
186548
186550
186552
186554
186557
186559
186561
186562
186563
186566
186573
186574
186576
186578
186579
186581
186583
186585
186586
186588
186589
186591
186594
186596
186598
186600
186602
186604
186605
186607
186609
186611
186613
186615
186639
187584
187585
187816
187919
187920
187921
187922
187923
187924
187925
187927
187928
187929
187931
187937
187938
187939
187940
187945
187948
189468
189469
189470
189471
190476
190824
190825
190826
190870
190875
192173
192526
192529
192586
192587
192588
192589
192590
192591
192593
192595
192597
192599
192601
193151
195058
196253
196258
196418
196471
196472
196473
196474
196475
196476
196477
197217
197219
197523
200900
201383
201387
201388
201389
201390
201391
201392
201429
201438
201439
201440
201441
201442
201445
201446
201452
201454
201455
201781
202459
202460
202837
202839
202845
202846
202847
202848
202849
202851
202852
202853
202854
202855
202856
202857
202858
202859
202860
204078
204895
204896
204897
204898
204899
204900
204901
204902
204903
204904
204905
204907
204908
204910
204942
204954
204956
204958
204960
204961
204965
204968
206553
206583
206585
206586
206587
206588
206589
206590
206591
206592
206593
206594
206595
206596
206597
206598
206599
206602
206603
206606
206607
206609
206610
206611
207561
207563
207565
207567
207568
207569
207571
207572
207573
207574
207575
207576
207577
207578
207579
207580
207582
207583
207584
207585
207586
207587
207588
207589
207590
207591
207592
207593
207596
210817
210818
210819
210820
210821
210822
211473
211601
211603
211647
211648
211649
211651
211656
211657
211673
211869
211978
211979
211980
211983
211984
211985
211986
211988
211989
211990
211991
211992
212533
213858
214936
215281
217858
217859
217861
217862
217863
217864
217865
217866
217868
217869
217870
217874
219175
219176
219177
219617
219618
219623
219625
219626
219627
219628
219629
219630
219631
220763
220764
220767
220768
220770
220772
220773
220775
220776
220777
220778
220780
220785
220786
220788
220790
220792
220793
221263
221264
221429
221455
221456
221457
221547
221548
221549
221551
221552
221554
221556
221558
221560
221562
221563
221565
221572
221573
221574
221576
221577
223249
224539
224540
224542
224544
224545
224546
224548
224552
224554
224555
224557
224558
224560
224561
224565
224566
224568
224570
224571
224572
224573
224574
227088
227091
227093
227454
227459
227462
227464
227465
227466
227468
227469
227871
230334
230335
230336
230337
230338
230339
230340
230341
230465
230468
230469
230622
230623
230627
230629
230631
230632
230634
230635
230636
230637
230640
230641
230643
230644
230843
231578
231579
232281
232285
232286
232289
232290
232295
232296
232297
232304
232305
232308
232310
232311
232312
232313
232314
232317
232318
232864
234064
234069
234070
234071
234072
234073
235262
235263
235286
235287
235288
235289
235290
235291
235292
235293
235294
235295
235296
235298
235299
235300
235301
235302
235303
235304
235305
235306
235307
235308
235309
235310
235311
235312
235313
235314
235315
235316
235317
235318
235319
235320
235321
235322
235323
235325
235402
235403
235404
235405
235415
235416
235417
235419
235420
235421
235422
235423
235424
235552
236479
236736
236737
236738
236739
236742
236743
236747
237979
237980
237982
237985
237991
237992
237993
238866
239253
239746
239747
239748
239752
239753
239754
239755
239756
240363
241399
241400
241402
241403
241437
241440
241441
242051
242052
242053
242054
242058
242059
242841
242842
243556
243557
243558
243801
243802
245592
245595
245597
245598
245599
245600
245601
245602
245615
245616
245618
245620
245621
245622
245625
245627
245629
245631
245633
245634
245636
245639
245643
245646
245648
245652
245653
245655
245656
245657
245659
245660
245661
245662
245663
245669
245673
245674
246115
246179
246187
246190
247076
249442
249444
249445
249446
249447
249449
249452
249453
249454
249458
249493
249504
249505
249506
249513
251359
253926
253927
253928
253929
253931
253932
253933
253934
253935
253936
254399
254401
254669
254948
254949
254950
254951
254952
255174
255176
255180
255183
255188
255189
255190
255192
255196
256109
256110
256112
256113
256114
256116
256118
256121
256122
256123
256124
256125
256126
256128
256129
256596
256675
256676
256677
257063
258775
258776
258777
258779
260202
260613
260614
260615
260624
260627
260628
260630
260631
260633
260639
260641
260642
260643
260647
260649
260651
260652
260653
260654
260655
260890
260892
260893
261480
261482
261484
261486
261488
261490
261495
261498
261503
261504
261506
261507
261510
261703
261704
261707
261708
261709
261710
261711
261712
261713
261714
261943
261944
261945
261947
261950
261951
261952
261953
261955
263737
264485
266055
266057
266058
266776
266782
267799
268584
269733
269734
269744
269745
269746
269747
269748
269749
270252
270500
270501
270502
270503
270504
270507
270508
270509
270923
271150
271259
271601
271645
272249
272250
272251
272252
272253
272254
272255
272256
272540
273485
273486
273487
273519
273520
273521
273653
273655
273656
273658
273660
273662
273663
274825
278186
278977
281410
282158
282159
282162
282163
282164
282406
282411
283338
283347
283348
285987
285992
285996
285997
285998
286001
286002
286003
286004
286005
286009
286013
286014
286016
286019
286023
286024
286025
286090
286092
286155
286157
288420
288421
288422
288423
290508
290510
290527
290528
290529
290530
290531
290532
290533
290534
290535
290536
290537
290733
290737
290741
290742
290744
292442
292831
292832
292835
292837
292838
292839
292842
292844
292845
292847
292850
292851
292856
292858
292860
292861
292862
292863
292864
292866
292867
292868
292869
292870
292871
292872
292873
292874
292875
292876
292879
292880
292881
292882
292884
292886
292887
292889
292891
292892
292893
292894
292895
292901
292903
292905
292907
293403
293412
293414
293957
296129
297520
297521
297522
297523
297524
297525
297526
297527
297528
298113
298114
298116
299230
299231
299232
299233
299234
299235
299236
299237
299240
299241
299245
299246
299247
299248
299249
299250
299738
299743
299744
301247
301248
301358
301359
301539
301838
301839
301840
301841
301842
301843
301844
301845
301846
301847
301848
301849
301850
301851
301852
301853
302461
302462
302463
302466
302926
302927
302928
302929
302930
302931
302932
302934
302936
303590
306041
307438
307439
307440
309175
309176
310520
310521
310533
311551
311566
312723
312725
312726
313189
316444
316445
316450
316451
316453
316457
316460
316461
320549
321032
321138
321139
323565
323566
323567
323568
323570
323571
323572
323575
323576
323578
323579
323580
323581
323582
323584
323585
323586
323588
323590
323591
323592
323594
323595
323597
323598
323600
323601
323603
323604
323607
323608
323609
323611
323612
323613
323614
323615
323738
325211
326972
327154
327256
329145
329147
329865
329866
329867
329868
329869
330728
330740
332089
332245
332624
332626
334215
334216
334583
335392
335393
335395
335855
335856
335857
335859
337514
337515
337516
337575
337577
338346
338347
338348
338349
338350
338351
338352
338353
338354
338355
338356
338357
338358
338359
338360
338361
338551
338552
338553
338555
338556
338557
338818
338837
338838
338839
338841
338842
338843
340908
340909
340910
340911
340912
340913
341448
341449
341696
341734
341736
341737
341738
341739
341740
342330
342331
342332
342333
342334
342335
342336
342337
342338
342339
342340
342341
342342
342343
342344
342345
342346
342347
342348
342349
342350
342351
342352
342353
342354
342355
342872
342873
343250
343426
343427
343428
343429
343430
343431
343432
343433
343434
343435
343436
343437
343438
343439
343441
343442
343443
343444
343447
344003
347812
347813
348390
350940
351159
355470
355654
355655
355656
355674
355675
355676
355677
355678
355679
355681
355682
355683
355684
355685
355687
355692
355693
355696
355698
355702
355876
356346
356582
356583
356585
356588
356589
356595
356596
356597
356598
356599
356600
356601
357122
357130
357132
357159
357318
357320
357323
357324
357325
357326
357327
357328
357329
357331
357332
357333
357336
357337
357339
357340
357341
358217
358218
359412
359413
359414
360641
360642
360643
361625
361626
361627
361628
361629
361630
361631
363227
363291
363292
363293
364318
364521
365622
365623
365624
365625
365626
365627
365639
365643
365646
365650
365651
366612
367368
367402
367403
367404
367405
367406
367407
367408
367409
367410
367411
370317
371081
371683
371684
371687
371688
371689
371690
371691
371693
371695
371696
372066
372475
372482
373863
373864
373866
378289
378291
380607
380619
382731
382732
382733
382734
382735
382736
382737
382740
382741
382742
382743
382744
382745
382746
382747
382749
382750
382754
382756
382757
382758
382759
382760
382761
382764
382766
382770
382772
382774
382776
382780
383817
383820
383821
383824
383860
383861
383862
384065
384066
384069
384070
384271
384628
385251
385252
385253
385254
385262
385263
385264
385265
386767
391659
392780
393198
394114
394115
394116
394117
394118
394119
394120
394121
394122
394123
394124
394126
394127
394128
394130
394132
394134
394135
394137
394138
394139
394140
394143
394144
394145
394146
394147
394148
394149
394150
394151
394153
394154
394155
394156
394157
394158
394159
394160
394161
394163
394164
394165
394166
394167
394168
394169
394171
394172
394174
394176
394177
394178
394183
394184
394185
394186
394860
394862
399533
399535
399536
399537
401042
401044
401522
401523
401524
401528
401534
401535
401537
401539
401547
401549
401551
401556
401559
401564
402374
402375
402376
402377
402378
402379
402380
402381
402382
402383
403789
403993
405184
405185
405186
405189
405190
405192
405193
405194
405196
405198
405597
405598
408208
409859
409860
410861
410865
410866
410868
410869
410870
410871
410872
411556
412038
413013
414899
414900
414902
414903
414904
414905
414909
414973
414975
414976
414977
414978
414981
414982
414983
414984
414985
414986
416033
417380
420383
420384
420385
420386
420541
420543
420545
420546
421224
421930
421931
425939
427711
427713
427714
427721
427722
427726
427727
427728
427729
427732
427734
427736
427739
427760
427762
427908
427909
428006
428143
428571
429326
429565
430902
430905
430910
434256
434257
434258
436191
437646
437647
437648
437653
437654
437655
437656
439390
439391
439392
439393
439394
439933
439935
439937
439939
439940
440077
445405
445406
445407
445408
445409
445411
445412
447332
447333
447334
448381
448382
448961
449386
449387
449388
449389
449390
449391
450757
450825
450828
450850
451712
451713
451714
453858
453861
453862
453864
454293
454302
454306
454308
456484
456485
456486
460091
460092
460093
460094
460095
460096
460097
460137
460138
460139
460140
460141
460142
460143
460145
460146
460147
460148
460614
460616
460617
460621
460622
460623
460624
460625
460626
460629
460631
461257
461324
461326
461327
461328
461329
461330
461341
462277
462278
462279
462280
462281
462753
463512
463513
463514
463515
463516
463517
463518
463519
463520
463521
463522
463523
463524
463525
463526
463527
463528
463529
463530
463531
463532
463533
463534
463535
463537
463539
463540
463541
463542
463543
463544
463545
463546
463547
463548
463549
463550
463564
463565
463643
463644
464978
465449
465531
465911
465913
468929
468931
469619
469906
469907
469908
469909
469910
469911
469912
470322
470323
470324
470325
470326
470327
470328
470329
470330
470331
470332
470333
470334
470335
470336
470337
470338
470339
470340
470341
470342
470343
470344
470345
470346
470347
470348
470349
470350
470351
470352
470353
470354
470355
470356
470357
470358
470359
470360
470361
470362
470363
470365
470366
470367
470368
470369
470370
470371
470372
470373
470374
470375
470376
470377
470378
470379
470380
470381
470382
470383
470384
470385
470386
470388
470389
470390
470391
470392
470393
470394
470395
470396
470397
470398
470399
470402
471292
473785
474074
475045
475046
475055
475056
475057
475058
475059
475060
475062
475781
475983
475984
475986
475988
476462
476463
476466
476467
476471
476472
476473
476474
476477
476479
476480
476505
476506
476507
476508
476509
476510
476511
476512
476513
476514
476515
476516
478549
478674
478675
480280
480411
480617
480618
480619
480620
480621
480622
480623
480624
480625
480626
480627
480710
480711
480712
480713
480714
480715
480716
480717
480718
480719
480720
480721
480722
480723
480724
480725
480726
480727
480728
480729
480730
480731
480732
480733
480734
480735
480736
480737
480738
480739
480740
480741
480742
480743
480744
480745
480746
480747
480748
480749
480750
480751
480752
480753
480754
480755
480756
480757
480758
480759
480760
480761
480762
480763
480764
480765
480766
480767
480768
480769
480770
480771
480772
480773
480774
480775
480776
480777
480778
480779
480780
480781
480782
480783
480784
480785
480786
480787
480788
480789
480790
480792
480793
480794
480795
480796
480797
480803
480805
481553
481883
481884
481885
487792
488792
493894
493895
493896
493897
493898
493899
493900
493901
493902
493904
496808
496809
497096
498591
498592
498593
498594
498595
498596
498597
498598
498773
498777
499056
499057
500334
500582
500789
500790
500791
500792
500793
500794
500795
500796
500797
500798
500799
500800
500801
500802
500803
500804
500805
500806
500807
500813
500814
500820
500823
500829
500830
500833
502144
502494
502496
502497
502498
502499
502500
502501
502503
502504
502506
502508
504457
505432
505434
507733
507734
509061
509062
509063
509064
509068
509072
509078
510613
510618
510619
512470
512568
512778
512787
512788
515443
515997
515998
515999
516951
520134
520136
520736
522452
522453
522454
522469
522470
526409
526557
526880
527806
527827
529684
529685
529687
529689
529690
529692
529694
529696
529697
529707
529714
529715
529716
529717
529718
529719
529721
529722
531317
531986
532073
534403
538569
542774
542775
542776
542777
542778
542779
542780
542782
542783
542785
542786
542787
542788
542789
542790
542791
542792
542793
542794
542795
542796
542797
542798
542799
542800
542801
542802
542804
542805
542807
542808
542809
542810
542821
542822
542823
542824
542825
543542
544874
547125
547126
547331
548255
548885
552561
552589
552730
552731
555248
559886
559887
563916
564343
564346
564347
564351
567527
568802
568803
568912
569598
571338
571340
571342
572522
573228
573229
573969
573971
575496
575499
575500
576792
576855
577487
578127
578129
578137
578138
578139
578141
578142
578143
578144
578145
578147
578149
578465
578473
580248
580249
580251
580252
583259
583260
583261
587362
587619
587886
587887
588074
591072
591075
591076
591077
592670
593571
611290
611291
611292
611293
611294
611295
617157
617160
617161
617162
617163
617167
617168
617237
619288
622174
622701
626118
627219
629770
630704
630710
630711
630712
630713
630714
633870
634442
634443
634444
634445
634446
634448
634449
634707
635015
641010
641493
641494
641495
641496
643081
643082
643083
643084
643085
643086
643087
643088
643089
643090
643093
643094
643096
643098
643134
643135
643136
643137
643138
643139
643140
643412
643413
643563
643611
643612
643614
643622
643623
643628
644737
645701
645705
648196
648197
648797
649003
649004
649020
649021
649022
649027
651308
651310
651312
651314
651316
651318
651320
651321
651323
655429
655430
655431
655434
655675
655676
655677
655678
655679
655688
662664
662736
663306
665103
665104
665116
665117
665120
665122
665125
665127
665128
665570
666068
666069
666070
666071
666073
666075
666076
666078
666081
666083
666084
666085
666086
666089
666090
666092
666095
666096
666098
666099
666100
666105
666107
666111
666112
666114
666117
666118
666120
666125
666331
666680
667122
667124
668328
668330
668333
668337
668351
668352
668353
668354
669920
669925
672770
672774
672775
672779
679170
681533
681534
681535
686919
687874
690286
690287
690289
690290
696809
696810
696811
697002
697003
697005
697006
697007
697011
697013
697014
698299
698300
698410
698415
699366
699367
699371
699372
699373
699567
699568
699571
699572
699573
699574
699576
699577
699579
699581
699583
699584
699587
699588
699589
699591
699593
699595
699597
699599
699601
699602
699604
703223
703224
703225
703226
703233
703234
703235
703236
703237
703239
703240
703241
703955
703962
703964
703966
703968
706251
706252
706253
706254
706255
706256
706257
706258
706259
706260
707139
711060
711062
711063
711064
711066
711067
711068
711069
711070
711071
711072
711074
711076
711077
711080
711082
711083
711084
711085
711087
711325
711329
711330
711334
711337
711339
711340
711342
711343
711344
711345
714888
715310
715311
715312
715313
715314
715315
715877
717477
727903
735376
742143
742145
744438
744439
744440
747046
747201
747202
747203
747204
747205
747206
747207
747208
747209
747210
747211
747212
747213
747214
747215
747216
747217
747218
747219
747220
747221
747231
747462
747468
747469
747470
747472
747473
751984
751985
751986
751987
751988
751989
751990
751991
751993
751995
751997
751998
751999
752000
752001
752002
752696
752697
752698
753574
754017
754019
754020
754021
758875
758877
758878
758879
758881
758882
758885
758887
759943
759945
759946
759947
759948
759949
759951
759953
759954
759955
759956
759957
759966
759967
759969
759970
759971
759972
759973
759974
759975
759976
759977
759980
759981
759983
759984
759985
759986
759988
759989
759990
759991
759993
759995
759996
759997
759999
760001
760002
760003
760004
760005
760006
760094
760095
763531
763642
763643
763644
763645
764543
766172
767358
768455
768694
768695
768696
768697
768698
768699
768701
768702
768703
768705
768707
768708
768709
768711
768712
768737
796011
796396
796711
796712
796714
796717
796756
797295
797296
797297
803241
858662
859256
859287
859288
859289
859290
859291
862237
862238
863650
863651
863652
863653
863654
863655
863656
863657
863658
863669
863671
863673
864049
864585
864687
864688
864816
864819
865857
868865
868946
869062
869732
873079
873080
873081
875665
875666
875668
875671
876605
876606
876607
876608
876609
876610
876611
876612
876613
876614
876615
876616
876617
876618
879548
884239
884240
884246
884329
884330
884331
884332
884333
884334
884336
884348
884349
884353
884355
884356
884357
884358
884359
884360
885419
885420
885421
885422
885423
885424
885427
885432
885508
885509
885511
885512
885513
885514
885515
885517
885525
886391
886392
886393
886394
886395
886396
886549
886550
886551
886552
886553
886554
886557
886566
886578
888281
888282
888283
888285
888286
888294
888297
888298
888299
889328
889765
889815
904174
904175
904177
904178
904179
904182
904183
904184
904186
904193
904194
904195
904196
904197
904198
904199
904200
904203
904205
904206
904208
904210
904211
904213
904214
904216
904217
904218
904219
904220
904223
904224
904225
904226
904227
904229
904230
904231
904233
904237
904238
907932
910399
911496
911497
911498
911499
911501
911502
911503
911504
911505
911506
911507
911508
911510
911723
911724
911725
911726
912636
912808
912809
912810
912812
912963
927616
927625
927678
927686
928509
928510
928511
928512
928513
928514
928515
928516
928517
928518
928519
928520
928521
928522
928523
930223
930224
930225
930226
930227
930273
930274
931069
932702
933497
933499
933623
933624
933625
933626
933628
933629
933630
933631
933632
933634
933637
933638
933639
933640
941191
941454
942039
942040
942151
942152
942188
942190
946231
946232
946233
946239
946241
946242
946243
946245
946249
946252
946255
946258
946262
946316
946319
946320
946321
946323
946324
946325
946330
947007
947008
947069
947070
948753
948755
971275
971277
971278
971282
971283
971284
971285
971286
979722
979723
979739
979741
979742
979743
979745
979776
979778
979794
979795
979807
979809
979810
979812
979813
979815
979816
979822
979823
979824
979825
979827
979828
979829
979830
979831
979833
979834
979836
979838
980080
980506
980947
980948
980949
980950
980951
980952
980953
980954
980955
980957
980958
983665
983876
983886
992187
992188
992936
992940
993009
993011
993012
993023
993024
993025
993026
993421
993422
996280
996281
996282
999327
999328
999346
999347
999348
999349
999441
999443
999445
999446
999448
999451
999649
999650
999651
999652
999653
999654
999655
999656
999657
999658
999659
999660
999661
999665
999666
999668
1000949
1000954
1001342
1001345
1001384
1001385
1001967
1001968
1001972
1005702
1005976
1005977
1005978
1005979
1005980
1005987
1005988
1005989
1006060
1006654
1007066
1008428
1017096
1017097
1017098
1017101
1017105
1017106
1027823
1027824
1027826
1028677
1035276
1035277
1035278
1035938
1035939
1035940
1035941
1035942
1036026
1041116
1041117
1041118
1041587
1041588
1041589
1041590
1041595
1041597
1041599
1041601
1042543
1042809
1042986
1043006
1043007
1043008
1048828
1049033
1050404
1050405
1050406
1051630
1054201
1055015
1055735
1070323
1070448
1071059
1072344
1073973
1073974
1073975
1074251
1074324
1075112
1075113
1075115
1075116
1075157
1075789
1075790
1075791
1075792
1075793
1075795
1077289
1077290
1077291
1077292
1077293
1077294
1077295
1077296
1077297
1077300
1077301
1077303
1077304
1078885
1081078
1082482
1082509
1082511
1082512
1085616
1085617
1085618
1085619
1085620
1087313
1088019
1088023
1088024
1088135
1089356
1089357
1089358
1089359
1089821
1089822
1089823
1089824
1089825
1089826
1089827
1089828
1089829
1089830
1089831
1089832
1090948
1090949
1091104
1091105
1091106
1091107
1091108
1091109
1091110
1091111
1091112
1091113
1091114
1091115
1091116
1091117
1091118
1091119
1091120
1091121
1091122
1091123
1091124
1091125
1091126
1091127
1096130
1096131
1096132
1096133
1096134
1096135
1096136
1096137
1096138
1096139
1097441
1099821
1104165
1105058
1105060
1107396
1107943
1108644
1108807
1112586
1112858
1114259
1114260
1114301
1116238
1116239
1117135
1117137
1117138
1117139
1117141
1118396
1118397
1118398
1118399
1118400
1118402
1118507
1118509
1124850
1125755
1126051
1126052
1126957
1126962
1127032
1127063
1127064
1127065
1127067
1127068
1127070
1127713
1128971
1128972
1132003
1132004
1132838
1132839
1132840
1132841
1135959
1136111
1136112
1138843
1144373
1144735
1145084
1145085
1145087
1147742
1155136
1155137
1155782
1158004
1158005
1158006
1158007
1159286
1159287
1159289
1159290
1159291
1159292
1159293
1159329
1159330
1162375
1162502
1162504
1162505
1162506
1162552
1162973
1162974
1162978
1162982
1163377
1163652
1164985
1165133
1165168
1165245
1165246
1165247
1165248
1165249
1165250
1165251
1165254
1165293
1165294
1165297
1165299
1165302
1165733
1165738
1165784
1165785
1165786
1167960
1169895
1169896
1170826
1170827
1170828
1170829
1170830
1170832
1170833
1171125
1175175
1175176
1175177
1175178
1175179
1175180
1175182
1175183
1175184
1175185
1175186
1175188
1175189
1175190
1175196
1175208
1175210
1175211
1175213
1175214
1175215
1175216
1175224
1175225
1175226
1175227
1175231
1175234
1175237
1175239
1175284
1175294
1175302
1175303
1175304
1175305
1175315
1175317
1175318
1175424
1175426
1175427
1175428
1175433
1175434
1175435
1175436
1175437
1175489
1175490
1175491
1175492
1175493
1175494
1178545
1179639
1179641
1179642
1179657
1179659
1179660
1183066
1183067
1183069
1183070
1183071
1183072
1183414
1184709
1184710
1189069
1189071
1190646
1190648
1190649
1190650
1190652
1190653
1190655
1190687
1190688
1190689
1190690
1190695
1191120
1191203
1191204
1191205
1193833
1195611
1197907
1198196
1198197
1199147
1199148
1200835
1200836
1201168
1201169
1202558
1202559
1202560
1203283
1203284
1203285
1206288
1206296
1206298
1206565
1206901
1206902
1206903
1206904
1206905
1207996
1208000
1208008
1208009
1208011
1208016
1208019
1208023
1208027
1208031
1208035
1208036
1208037
1208041
1208051
1208054
1208056
1208091
1209965
1210128
1211935
1211936
1211937
1211938
1211944
1211945
1211946
1211947
1212550
1212551
1212553
1212556
1212558
1212560
1212585
1212586
1212587
1212701
1212702
1212703
1212704
1212705
1212707
1212708
1212709
1212710
1212711
1212712
1212713
1212714
1212716
1212717
1212718
1212720
1212721
1212722
1212723
1212724
1212725
1212726
1212727
1212728
1212735
1212738
1212739
1212740
1212743
1212744
1212745
1213456
1214521
1214526
1214528
1215296
1215302
1216350
1216351
1216352
1216471
1216929
1216930
1216931
1221475
1221486
1221498
1221499
1224127
1224128
1224129
1224130
1224131
1224132
1224133
1224134
1224135
1225350
1225890
1225891
1226695
1226696
1226698
1226699
1226700
1226701
1226702
1226703
1226705
1227502
1229961
1229962
1229963
1230053
1231619
1231924
1231979
1231980
1232068
1232765
1232766
1232767
1232768
1233996
1233997
1233998
1233999
1234000
1234001
1234019
1234020
1234021
1234034
1234035
1234036
1234038
1234039
1234040
1234041
1234042
1234044
1234045
1234046
1234047
1234048
1234219
1234220
1234223
1234254
1234257
1234264
1234952
1234953
1234954
1235866
1235868
1237065
1237066
1237152
1237724
1237725
1238136
1239945
1240242
1240243
1240245
1240247
1240248
1240351
1240805
1240806
1241320
1241975
1241976
1241977
1246551
1247374
1247375
1247901
1247902
1247904
1247906
1247907
1249894
1249897
1249898
1260046
1260047
1260048
1260051
1260053
1260054
1260055
1260056
1260058
1260059
1260060
1260062
1260063
1260064
1260065
1260066
1260130
1260131
1260217
1260218
1260220
1260271
1260274
1260276
1260279
1260295
1260297
1260298
1260299
1260300
1260301
1260302
1260303
1260304
1260305
1260329
1260330
1260331
1260332
1260334
1260350
1260351
1260352
1260354
1260367
1260373
1260375
1260376
1260377
1260388
1260389
1260390
1260392
1260393
1260394
1260395
1260397
1260437
1261500
1261501
1261502
1261503
1261504
1262543
1263117
1263118
1264964
1264965
1264966
1264968
1265251
1265597
1265598
1265600
1265602
1268554
1269809
1269810
1273104
1273105
1273106
1273113
1273114
1273154
1273572
1273573
1273574
1276263
1276264
1277364
1277445
1277446
1277447
1277448
1277449
1277454
1277456
1277458
1277459
1277963
1277965
1277966
1277967
1277968
1277969
1277970
1277972
1277973
1277974
1277976
1277977
1277978
1277979
1277980
1277982
1278061
1278927
1278928
1278929
1278930
1278931
1278932
1278933
1278935
1279368
1279369
1281496
1281497
1281641
1281642
1281643
1281644
1290442
1290443
1290457
1292050
1292410
1292455
1292457
1292459
1295043
1295044
1295303
1296312
1296314
1296315
1296316
1296648
1296651
1296652
1296664
1296665
1296666
1296667
1296668
1296671
1296673
1296674
1296988
1296989
1296992
1296994
1296996
1296998
1297004
1297011
1297012
1297013
1297016
1297019
1297020
1297025
1297029
1297900
1301316
1302172
1302173
1302175
1302177
1303474
1303476
1303479
1304629
1304668
1306547
1306862
1306870
1306872
1314694
1316270
1316653
1316654
1322219
1323775
1323776
1323778
1323780
1323781
1325132
1325367
1325368
1325369
1328035
1328036
1328037
1328047
1328048
1328052
1330245
1330250
1333647
1334583
1335306
1335312
1335452
1335453
1335454
1335455
1335456
1335457
1335458
1335459
1335461
1335464
1336434
1336655
1337871
1337879
1337880
1338038
1338039
1340710
1341130
1341131
1341614
1341618
1341622
1341623
1341624
1341625
1341626
1341628
1341652
1341653
1341654
1342331
1342332
1342338
1342351
1342352
1342353
1342735
1343144
1346331
1346332
1347732
1347759
1349988
1353231
1353790
1353942
1353943
1353946
1353947
1353948
1353949
1353950
1354752
1354797
1354923
1354924
1354925
1355154
1355159
1355908
1358801
1358802
1358803
1367206
1367210
1368281
1370026
1378112
1378113
1378175
1378242
1378243
1378244
1378245
1378247
1379696
1381103
1381497
1381498
1382602
1384547
1384548
1384552
1384553
1384677
1385382
1389230
1389231
1392237
1393699
1395493
1395496
1395498
1395500
1395502
1395503
1395504
1395654
1396887
1400417
1400514
1400515
1400517
1400518
1401158
1401159
1401160
1401211
1401447
1401518
1403950
1404240
1404243
1404253
1404274
1404279
1404281
1406953
1407060
1407669
1407670
1410277
1412961
1412962
1412963
1412964
1412969
1413118
1413206
1413208
1413212
1415175
1415532
1416616
1417225
1418118
1418119
1419126
1419187
1423353
1423417
1426848
1426850
1427685
1427978
1427981
1428574
1428575
1428576
1428679
1428680
1428681
1428683
1431696
1433128
1433130
1433133
1433283
1433284
1433286
1433295
1433551
1434726
1434754
1434755
1434756
1434757
1434758
1434759
1434760
1434761
1434762
1434763
1434764
1434765
1434766
1434768
1434777
1434990
1434991
1434992
1434993
1434994
1434995
1435415
1437464
1437855
1441472
1441473
1441474
1441597
1441605
1441879
1441880
1443042
1443106
1443464
1444771
1445677
1445678
1445993
1445995
1446303
1446304
1446313
1446315
1446316
1446413
1446414
1446415
1446459
1447905
1449915
1449916
1449917
1449918
1449919
1449920
1449922
1449923
1449924
1449925
1449928
1449929
1450145
1450146
1450147
1450153
1450509
1453321
1453827
1454031
1454266
1454267
1454268
1454271
1454326
1457320
1458430
1458435
1462579
1462580
1463166
1465723
1470282
1470283
1470285
1470286
1470299
1470622
1470624
1470625
1470626
1472291
1472346
1472347
1472357
1472358
1472642
1473152
1473154
1476580
1479063
1479068
1479069
1481108
1484008
1484901
1485138
1485189
1485190
1485191
1485944
1486644
1486707
1486708
1486709
1486710
1486711
1488015
1488221
1488486
1488531
1488550
1488551
1488552
1488553
1488556
1488664
1488665
1488667
1488668
1488669
1488670
1489075
1489342
1490097
1495446
1495448
1496311
1499106
1500252
1502223
1502486
1502650
1503206
1503208
1507346
1507353
1507356
1507405
1507406
1507407
1507408
1508647
1508648
1508649
1508650
1508651
1508652
1510147
1510474
1510475
1511747
1511748
1513894
1515440
1521559
1521560
1521561
1521562
1521563
1521564
1521565
1521566
1521567
1521568
1521569
1521570
1521571
1521572
1521573
1521574
1521575
1521576
1521577
1521578
1521579
1521580
1521581
1521582
1521583
1521584
1521585
1521586
1521587
1521588
1521589
1521590
1521591
1521592
1521593
1521594
1521595
1521596
1521597
1521598
1521599
1521600
1521601
1522313
1522363
1522370
1522372
1522373
1525659
1525660
1529613
1529671
1529672
1529673
1529674
1529675
1529676
1529678
1529685
1530125
1530214
1530215
1530216
1530220
1530221
1530252
1530253
1530254
1530255
1530256
1530259
1530262
1533050
1533051
1537660
1537661
1537662
1537682
1537683
1537684
1537685
1537686
1537688
1537719
1537720
1537724
1537727
1537738
1537739
1537740
1537743
1537745
1537746
1537747
1537749
1537907
1538100
1539288
1539290
1539292
1539294
1539297
1539388
1539390
1539842
1539844
1539846
1539849
1539979
1539983
1539988
1540149
1540809
1540811
1540813
1540822
1541068
1541136
1541137
1541138
1541733
1542753
1542760
1542762
1543328
1543335
1543337
1543340
1543447
1543448
1543449
1543974
1543977
1543979
1543982
1544003
1544005
1544007
1544368
1544370
1544550
1544552
1544554
1544557
1544559
1544561
1544563
1544568
1544572
1544574
1544576
1544578
1544580
1544582
1544584
1544586
1544588
1544590
1544884
1544886
1544888
1544890
1544894
1544896
1544898
1544900
1544984
1544986
1544988
1544990
1544992
1544994
1544996
1544998
1545000
1545002
1545004
1545006
1545008
1545010
1545012
1545014
1545016
1545018
1545020
1545022
1545024
1545026
1545028
1545030
1545032
1545034
1545037
1545039
1545041
1545049
1545051
1545053
1545055
1545062
1545064
1545382
1545384
1545386
1545388
1545390
1545392
1545394
1545395
1545396
1545399
1545400
1545401
1545403
1545405
1545501
1545503
1545505
1545507
1545509
1545511
1545513
1545676
1545678
1545680
1545751
1545802
1545804
1545870
1545875
1545876
1545892
1545933
1545935
1545962
1545975
1545983
1546046
1546059
1546062
1549419
1549420
1549497
1549498
1549499
1549500
1549501
1550041
1550042
1550501
1550502
1550503
1550507
1550508
1554510
1554511
1560153
1560154
1560155
1560180
1560181
1560184
1560513
1561959
1562531
1562747
1562749
1562750
1562751
1564029
1564030
1569364
1572044
1573460
1577777
1582036
1582037
1582039
1585925
1585938
1585939
1585941
1585942
1585973
1586281
1586283
1588133
1588684
1590151
1590152
1590175
1590176
1590177
1590182
1591001
1591002
1591004
1591005
1591006
1591008
1591010
1591011
1591021
1591022
1591023
1591024
1591025
1591026
1591027
1591028
1592193
1592194
1592195
1592571
1605467
1605468
1605469
1605470
1605471
1605472
1605473
1605474
1605475
1605476
1607984
1608476
1608477
1612235
1621678
1621683
1628891
1632287
1632295
1632296
1633188
1633551
1633554
1633555
1633556
1633557
1633558
1633559
1633560
1633561
1633562
1633563
1633564
1633566
1633567
1633568
1634188
1634959
1638095
1638096
1638925
1638926
1638927
1638948
1638961
1638962
1638963
1638964
1638965
1638966
1638967
1638968
1638969
1638971
1638972
1638973
1639138
1639632
1640259
1642039
1643447
1643448
1643449
1644094
1648139
1648140
1648141
1648142
1651144
1651145
1651146
1651147
1651148
1651149
1651150
1651151
1651152
1651942
1654712
1654939
1654940
1654941
1655187
1655193
1655194
1663189
1664128
1664661
1665516
1670970
1670971
1675532
1675716
1677021
1678249
1680133
1684827
1686054
1686793
1686794
1689167
1689169
1689659
1696545
1698516
1698802
1699063
1699416
1699417
1699536
1699656
1699657
1699781
1699782
1699783
1699784
1699785
1699786
1699787
1700823
1700829
1704131
1704527
1707955
1708533
1710834
1710836
1710837
1716563
1718793
1718794
1718796
1718797
1720239
1720240
1720241
1720243
1720245
1720246
1720248
1720252
1720255
1720256
1720259
1720262
1720289
1720290
1720291
1720292
1720293
1720318
1734383
1734845
1734846
1734847
1734848
1734849
1734850
1735232
1735233
1735234
1735235
1735236
1735237
1735238
1735239
1735579
1735580
1735649
1736133
1736134
1736135
1736136
1737108
1737109
1737110
1737111
1737112
1737113
1737114
1737115
1737116
1737447
1737448
1737452
1737460
1737461
1740336
1740337
1742926
1742927
1745258
1745315
1745316
1745317
1745323
1747273
1748263
1748395
1749066
1752122
1752123
1764315
1766037
1766551
1766655
1766768
1768099
1772256
1772257
1774205
1776889
1777860
1777861
1778574
1778575
1778576
1778577
1778578
1779841
1785744
1785745
1785746
1785747
1785748
1785749
1785750
1785751
1785754
1785755
1785756
1788405
1788409
1788410
1788411
1798873
1798874
1798875
1799688
1799689
1799691
1799692
1799695
1803909
1804598
1806050
1806051
1806055
1806059
1806060
1806061
1806458
1807217
1807218
1807219
1807223
1807224
1807227
1808362
1808966
1809113
1809415
1809416
1809418
1809419
1809420
1809435
1809436
1809438
1809441
1809442
1809443
1809444
1809445
1809447
1809448
1809449
1809693
1809694
1809768
1809769
1809770
1809771
1810144
1811417
1811418
1811421
1814890
1814891
1814893
1814912
1814913
1814914
1814917
1814918
1814919
1814926
1814927
1814930
1814942
1816317
1816318
1817999
1819603
1819606
1819607
1819608
1819609
1819630
1819635
1819637
1819656
1819657
1819658
1819659
1819660
1819695
1819705
1819706
1819708
1819710
1819760
1819979
1822063
1825980
1827374
1828522
1833965
1834482
1835704
1835705
1835706
1835707
1835709
1835713
1835718
1835719
1835720
1836611
1836940
1839637
1839638
1839639
1839640
1839641
1839642
1839700
1840423
1842986
1842987
1842988
1843081
1843102
1843165
1843173
1843392
1843393
1843394
1843461
1843462
1843463
1843486
1843596
1846163
1848768
1849211
1849212
1850566
1851186
1853348
1855251
1855253
1855254
1855255
1855256
1855257
1855258
1855259
1855260
1855261
1856576
1857313
1857314
1857319
1857322
1857646
1860158
1861666
1866263
1866264
1867089
1873158
1873159
1873160
1873161
1873164
1873453
1874739
1874785
1874792
1874830
1874832
1874833
1874834
1874835
1874836
1874874
1874875
1874876
1874879
1874880
1874899
1879021
1879038
1879270
1879271
1879272
1880532
1883181
1883186
1884398
1884596
1884597
1884880
1884918
1885935
1885936
1885937
1890392
1890402
1892221
1892223
1892224
1892232
1892233
1892234
1892246
1892247
1892349
1892350
1892351
1892352
1892353
1892564
1892841
1895279
1895280
1895281
1895284
1895682
1895683
1895686
1898126
1898127
1898753
1898754
1898755
1898971
1898972
1898973
1898974
1898975
1898976
1899216
1899217
1899415
1899416
1899434
1899435
1899436
1899437
1899438
1899439
1899440
1899441
1899442
1899443
1899444
1899445
1899446
1899447
1899448
1899449
1899450
1899451
1899452
1899456
1899459
1899460
1899461
1899462
1899463
1899464
1899465
1899466
1899467
1899468
1899469
1899470
1899471
1899474
1899475
1899476
1899478
1902248
1902249
1902250
1904893
1904895
1907514
1907663
1907664
1907699
1908288
1908289
1911529
1911530
1911531
1911532
1913022
1913023
1916958
1917455
1917759
1920710
1920711
1920712
1920713
1920714
1920715
1920717
1920722
1920723
1920859
1924460
1924461
1926312
1926518
1926519
1926520
1926521
1926522
1926523
1926524
1926525
1926526
1926527
1926528
1928074
1928468
1928469
1928694
1928696
1928698
1929965
1929966
1930678
1932359
1934023
1934026
1934033
1934034
1934035
1938231
1938358
1938377
1938382
1938386
1938388
1938932
1938934
1938942
1938949
1938950
1939602
1939660
1939662
1939663
1955062
1955067
1955236
1955237
1955238
1955239
1955334
1955445
1955805
1955807
1958896
1958899
1960576
1960661
1960662
1960663
1960670
1960915
1962989
1962990
1962996
1963002
1963004
1963005
1963272
1963273
1963274
1963278
1963279
1963289
1963335
1963763
1963836
1966008
1966232
1966233
1966234
1966242
1966243
1966244
1966248
1966250
1966251
1966252
1966253
1968774
1968776
1968841
1969162
1969995
1970071
1970072
1970073
1970074
1970075
1970185
1972526
1972529
1972530
1973250
1973253
1977076
1977077
1977078
1977079
1977080
1977081
1977082
1977083
1977089
1977091
1977092
1977093
1977097
1978923
1979143
1979144
1979145
1979147
1980754
1981139
1981149
1982644
1983462
1984862
1984863
1985280
1985283
1985899
1986406
1987398
1987399
2002800
2002801
2003747
2008411
2008421
2008423
2012481
2012618
2014609
2015585
2015587
2018003
2019439
2019440
2019442
2019443
2020375
2020429
2020430
2020672
2022114
2022451
2022452
2022455
2023649
2023904
2023905
2023906
2024434
2024435
2024749
2024750
2024806
2025348
2025554
2025560
2027964
2027965
2027966
2028045
2028052
2028055
2029149
2029150
2029151
2029794
2029797
2029798
2029901
2029902
2030930
2030931
2030935
2030937
2032994
2033001
2033029
2033049
2033050
2033052
2033053
2033057
2035047
2035048
2035133
2035135
2035160
2035171
2035180
2035181
2035182
2035183
2035184
2035226
2036058
2036898
2036899
2036900
2037923
2037924
2037927
2037928
2038157
2038701
2038702
2039257
2039258
2039365
2039368
2039369
2039370
2039640
2041056
2041057
2041058
2041060
2041061
2041062
2041420
2041425
2041431
2041432
2041433
2041434
2041435
2041436
2041437
2041438
2041455
2041456
2041852
2042820
2043064
2044891
2044892
2044893
2045135
2048270
2050029
2050879
2050974
2051852
2051854
2051857
2051858
2052144
2052809
2052813
2053967
2054499
2054500
2055187
2055234
2055255
2056178
2056180
2056556
2056561
2056562
2056583
2056782
2058925
2058948
2060065
2060114
2060116
2060829
2060939
2065369
2065370
2065371
2065374
2065375
2065396
2065398
2065403
2065404
2065405
2065406
2065407
2065408
2065409
2066048
2066050
2068814
2069229
2069487
2069488
2069561
2069562
2069563
2069639
2069640
2069641
2070011
2070705
2072741
2072742
2072743
2072744
2072745
2072746
2079381
2079383
2079384
2079386
2079388
2079389
2080844
2080851
2080857
2080858
2081786
2081787
2081788
2083012
2086566
2086605
2093933
2093934
2093989
2116494
2116601
2116602
2126362
2126373
2126374
2126375
2126376
2126377
2126521
2137178
2137179
2137186
2137190
2137764
2137765
2137767
2137768
2137769
2137770
2137772
2137774
2137777
2137778
2137779
2137781
2137782
2137784
2137785
2137786
2138172
2138174
2153310
2153311
2153312
2153367
2153368
2153369
2161683
2161684
2161685
2161686
2161687
2161688
2161689
2161690
2161691
2163914
2169488
2171700
2173847
2174511
2174966
2174974
2174992
2175000
2175795
2175796
2185388
2200718
2200719
2200720
2200721
2200722
2200750
2200751
2200752
2200753
2200754
2200834
2200835
2200836
2200838
2200839
2200840
2200841
2200842
2200843
2200846
2200847
2200848
2200849
2200851
2201467
2201862
2201863
2201867
2201892
2201893
2202102
2202103
2202104
2202105
2202106
2202107
2202108
2202109
2202110
2202111
2202112
2202113
2202114
2202115
2202117
2202118
2202119
2202120
2202121
2202122
2202123
2202124
2202125
2202126
2202127
2202128
2202129
2202130
2202156
2202157
2202158
2202169
2202170
2202171
2202172
2202176
2202205
2202206
2202207
2202284
2202287
2202288
2202291
2202292
2202293
2202315
2202316
2202317
2202318
2202320
2202323
2202324
2202325
2202389
2202390
2202391
2202392
2202393
2202394
2202396
2202397
2202398
2202399
2202400
2202401
2202402
2202403
2202404
2202406
2202408
2202409
2202410
2202411
2202412
2202413
2202414
2202415
2202422
2202423
2202424
2202425
2202426
2202427
2202429
2202430
2202431
2202432
2202433
2202434
2202435
2202436
2202437
2202438
2202439
2202440
2202441
2202442
2202443
2202444
2202445
2202446
2202447
2202448
2202450
2202451
2202452
2202453
2202454
2202455
2202456
2202457
2202463
2202464
2202465
2202466
2202468
2202469
2202470
2202471
2202472
2202473
2202506
2202507
2202508
2202509
2202510
2211156
2211184
2218520
2218521
2218608
2219992
2219993
2219994
2231119
2231120
2231121
2231122
2231123
2231124
2231125
2231126
2231644
2231645
2231781
2233526
2233555
2233860
2234022
2234023
2234125
2259163
2259164
2259165
2259166
2259167
2267651
2267884
2268057
2268058
2268137
2268560
2268911
2268912
2268980
2268981
2282121
2283074
2283075
2283076
2283078
2283079
2283080
2283081
2283082
2283083
2283084
2283085
2283086
2283087
2283088
2293837
2293839
2293883
2293884
2293886
2293887
2293889
2293892
2294020
2301333
2301438
2301439
2301440
2302392
2303387
2303388
2303389
2303400
2303401
2304060
2304061
2304065
2304067
2304068
2304069
2304082
2304085
2304087
2304089
2305474
2305475
2307234
2307235
2307236
2307237
2307239
2307240
2307241
2307259
2307264
2315378
2315379
2315380
2316802
2316803
2316804
2316805
2316806
2316807
2316808
2316809
2316810
2316875
2316876
2316877
2316878
2316899
2316901
2320206
2320207
2320869
2338397
2338398
2338399
2338401
2338402
2339243
2339252
2340898
2340923
2358215
2358218
2358220
2358230
2358231
2358232
2358236
2358237
2358238
2358239
2358240
2358241
2358243
2358260
2358261
2358263
2358264
2358266
2358267
2358268
2358269
2358270
2358271
2358272
2358274
2358275
2358288
2358289
2358291
2358292
2358293
2364100
2364101
2364125
2364127
2364275
2364278
2364296
2364297
2364302
2364303
2420349
2447766
2447903
2448436
2448437
2448457
2448905
2461382
2478650
2478820
2478825
2478828
2478829
2478830
2478833
2478838
2478839
2478841
2478843
2478844
2478845
2478846
2478847
2478848
2478849
2478855
2478856
2479983
2480837
2480862
2482725
2482764
2482771
2482772
2482773
2482774
2482782
2482783
2482784
2482919
2482920
2483036
2483191
2483192
2483193
2483194
2483215
2483217
2483396
2483398
2483399
2483452
2483457
2483461
2483465
2483468
2483472
2483475
2483476
2483678
2483864
2484728
2484729
2486706
2486717
2486718
2486763
2486764
2486986
2486987
2488553
2488862
2488863
2488864
2492412
2493127
2493147
2493999
2494555
2494556
2494731
2494732
2496084
2496085
2496128
2497126
2497427
2497428
2498007
2498836
2498837
2500539
2500540
2500541
2501403
2501404
2501405
2501406
2501407
2507630
2509227
2509228
2509229
2509230
2509231
2509232
2509233
2509234
2509235
2509236
2509237
2509238
2509239
2509653
2509654
2510617
2510618
2511433
2516545
2516546
2516547
2516548
2516550
2516555
2516800
2516893
2516903
2517259
2518272
2518273
2518875
2527774
2527855
2528296
2528588
2528589
2528590
2528967
2530191
2545920
2545921
2545922
2548464
2548465
2559893
2559894
2560863
2562528
2563739
2563740
2563741
2565369
2568883
2570599
2570602
2570915
2570918
2570920
2570921
2570922
2571020
2571028
2571031
2571092
2571094
2571095
2571096
2571097
2571098
2571428
2571431
2571432
2572039
2572141
2572142
2572145
2572147
2572841
2572845
2575416
2575821
2575835
2575958
2575985
2577048
2577088
2577089
2577090
2577091
2577092
2577093
2577095
2577096
2577097
2577099
2577101
2577102
2577103
2577104
2577105
2577106
2580427
2580429
2582751
2582752
2583510
2583511
2583512
2583513
2583747
2583748
2583749
2583788
2586430
2586648
2586649
2586750
2586768
2586769
2587227
2587228
2587831
2588635
2588636
2588637
2589072
2589073
2589657
2590759
2590902
2590903
2590906
2590907
2590908
2590909
2590910
2590911
2590912
2590914
2590915
2590916
2590918
2593634
2593635
2593637
2596619
2596622
2596623
2596624
2596626
2596627
2596628
2596629
2596749
2596755
2596810
2597157
2597821
2598442
2599136
2599137
2599312
2600256
2600257
2600259
2600260
2600349
2600350
2600351
2600352
2600353
2600354
2601261
2601264
2602408
2602442
2602443
2602789
2602790
2602791
2602792
2602793
2602794
2602795
2602796
2602797
2602798
2602806
2602807
2602864
2602865
2602866
2602896
2602908
2602909
2603269
2604946
2605980
2606507
2606508
2606598
2606759
2606760
2607453
2607924
2607991
2608278
2608366
2608720
2608763
2608771
2608773
2608780
2608781
2608859
2608860
2608861
2608862
2608863
2608864
2608865
2608866
2608874
2608875
2608876
2608878
2608886
2608979
2650038
2650039
2650960
2650961
2651359
2651360
2651361
2651362
2651363
2651364
2651737
2651738
2652140
2652146
2652147
2652148
2652149
2652150
2652245
2652246
2652440
2653537
2653707
2653708
2653710
2653775
2653776
2653777
2653778
2653779
2653780
2653781
2653782
2653784
2653974
2654423
2656636
2656637
2656638
2656639
2656640
2658588
2660755
2660758
2661753
2661754
2661755
2661756
2661903
2661905
2662049
2662301
2662310
2662311
2662983
2662984
2664182
2666259
2670360
2670373
2670376
2675289
2675641
2675845
2676246
2676258
2676354
2676416
2676780
2678873
2678875
2682162
2682163
2683218
2683621
2684121
2684163
2684165
2689613
2690231
2690232
2690233
2690234
2690235
2690236
2690798
2691033
2691034
2691893
2692151
2697052
2698837
2703973
2703974
2704012
2704013
2704020
2704193
2704218
2704221
2705111
2705315
2705316
2705317
2705318
2706463
2706464
2706493
2706509
2706510
2706511
2707039
2707040
2709048
2709385
2709420
2709821
2712840
2712841
2713506
2713508
2713512
2713513
2713514
2714118
2714342
2714987
2716191
2716611
2716612
2716613
2716614
2716615
2716628
2717039
2717301
2718612
2718613
2718614
2718615
2718907
2719022
2720074
2721271
2721773
2721774
2723850
2724806
2724807
2725114
2725115
2725116
2725118
2725119
2725175
2725382
2725397
2725495
2725496
2725497
2725498
2725499
2725761
2725812
2726460
2726462
2726464
2726465
2727849
2729157
2729158
2729182
2729183
2729185
2729186
2729188
2729412
2729577
2730611
2731329
2732369
2732856
2733037
2735128
2738457
2738925
2738927
2738933
2738970
2739237
2739238
2739363
2739644
2740125
2740126
2740818
2742149
2742502
2742681
2742682
2742707
2742708
2742711
2742712
2742713
2743349
2743350
2743353
2744135
2744141
2744345
2744368
2744863
2744864
2744865
2744866
2744867
2744869
2745283
2745638
2747869
2748832
2748876
2748877
2748925
2749851
2750664
2750817
2750819
2750907
2750920
2753745
2753770
2753771
2753772
2753773
2753774
2753781
2753782
2753821
2753822
2753823
2753824
2754728
2755342
2755343
2755344
2755355
2755366
2756164
2756168
2756177
2758379
2759421
2759422
2759423
2759424
2759634
2759635
2759638
2759639
2761122
2761494
2762062
2762440
2762595
2762605
2762606
2762607
2762847
2762848
2763546
2764998
2766534
2766536
2766538
2766539
2766808
2766809
2766815
2766816
2766817
2766818
2766973
2767339
2767340
2767341
2767342
2768143
2768776
2769360
2769537
2771451
2771541
2771542
2771543
2771555
2771568
2772274
2772275
2772276
2772277
2773104
2773105
2773377
2773692
2773708
2773710
2774476
2775264
2777012
2777020
2777714
2777715
2777716
2777982
2778043
2778507
2778508
2778509
2778523
2778959
2778960
2778961
2778962
2779155
2779165
2779166
2779317
2779318
2779530
2779535
2779606
2779608
2781862
2781868
2782195
2782196
2782197
2782198
2782520
2782521
2783607
2783616
2783617
2783618
2783619
2783620
2783621
2783622
2783996
2784004
2784005
2784006
2784007
2784008
2784188
2785296
2789457
2789458
2789462
2789463
2789464
2792739
2792740
2793295
2793653
2795297
2795298
2795399
2795401
2795422
2795423
2795424
2795425
2795769
2795770
2795845
2795851
2795852
2796533
2797080
2797164
2798535
2799001
2799453
2799454
2799455
2799678
2800376
2800651
2800652
2800662
2800663
2800664
2801404
2801405
2801905
2801906
2801910
2801920
2802207
2802980
2803938
2803941
2803956
2803957
2803958
2803987
2804057
2804058
2804081
2804083
2804181
2804182
2804183
2804198
2804199
2804319
2804324
2805089
2806507
2806508
2807675
2811337
2813647
2813954
2813955
2813970
2813971
2813972
2813979
2813980
2813981
2814444
2814852
2814870
2814871
2815526
2815769
2815844
2816098
2816392
2816829
2816847
2817070
2819510
2819974
2821439
2821440
2821441
2821445
2821447
2822248
2822249
2823431
2823437
2823438
2823439
2823459
2823460
2823461
2823462
2823467
2823937
2824826
2826832
2827400
2827401
2827544
2828347
2828496
2828655
2829528
2829530
2829715
2829716
2829717
2829844
2830266
2830267
2830704
2830705
2830706
2831610
2831611
2832096
2832141
2832142
2832470
2832473
2833624
2833625
2834147
2836070
2836071
2836073
2836300
2836313
2836314
2837239
2837952
2837970
2838309
2838396
2838820
2838821
2838822
2838823
2838893
2838894
2838895
2838923
2838924
2838925
2838926
2838927
2838928
2838929
2838930
2838931
2838932
2838933
2838934
2839096
2839107
2839109
2839110
2839111
2839114
2839115
2839120
2839121
2839122
2839130
2839140
2839141
2839142
2840970
2843288
2843289
2843320
2843321
2843322
2843323
2843325
2843326
2843327
2843328
2843329
2848637
2848641
2848642
2848643
2848644
2848679
2848750
2850563
2851568
2851573
2853785
2855626
2855627
2855628
2855629
2855676
2855677
2855678
2855679
2855680
2855681
2855682
2855687
2856560
2856561
2856562
2856563
2857097
2857110
2860476
2860479
2861864
2862726
2862730
2862731
2862732
2862733
2863146
2866071
2866188
2866987
2867332
2867333
2867336
2867938
2867951
2867967
2869582
2869583
2870871
2870878
2871161
2875555
2875685
2876034
2876881
2878508
2879141
2879142
2879143
2879144
2879145
2879146
2879147
2879148
2879190
2879194
2879195
2879196
2879294
2879295
2879385
2879386
2879387
2879389
2879914
2879915
2880161
2880167
2880168
2880169
2881132
2881133
2881134
2881162
2881163
2881164
2881165
2881166
2881167
2881168
2881169
2881170
2881171
2881195
2883629
2884527
2885388
2885395
2885472
2885971
2897173
2897831
2897832
2899603
2899877
2899886
2901258
2902613
2902644
2902645
2902955
2902958
2902959
2903329
2903334
2903335
2903337
2905135
2905752
2906464
2906465
2906471
2908265
2910924
2911134
2911135
2911136
2911138
2911140
2911141
2911143
2911145
2911147
2911529
2911692
2911744
2912761
2912966
2912967
2912980
2912981
2912982
2912984
2912985
2913001
2913428
2913429
2914761
2914867
2916589
2919659
2919660
2919745
2919746
2919944
2922732
2922736
2922848
2922849
2925214
2925374
2925826
2925827
2925828
2927045
2927047
2927048
2927050
2927059
2927060
2927061
2928191
2928192
2928193
2928733
2928736
2929021
2929022
2929023
2929068
2929091
2929093
2929096
2929097
2929635
2930197
2930525
2931404
2931405
2931810
2932328
2933362
2933962
2933963
2934212
2934726
2934727
2934759
2934760
2934761
2935027
2935558
2936032
2936307
2936308
2936309
2936310
2936312
2936313
2936314
2936315
2936316
2936317
2936318
2936569
2938185
2939262
2940262
2940263
2940264
2940292
2940999
2944267
2944936
2946028
2946029
2946030
2950339
2951070
2951163
2951364
2951446
2951447
2954243
2954248
2956017
2957796
2957797
2957798
2957799
2959570
2959572
2961824
2961825
2961826
2961827
2961828
2961921
2961922
2961923
2961924
2962702
2963733
2963794
2963954
2964490
2964491
2964492
2965070
2966249
2966250
2966251
2966252
2966253
2966254
2966562
2967113
2967138
2967139
2967271
2967272
2967273
2967278
2968378
2968379
2968380
2968381
2968955
2969139
2969140
2969253
2970756
2972692
2973230
2973231
2973551
2973557
2973558
2974045
2974262
2974263
2974264
2974551
2974582
2974584
2974586
2974591
2974593
2975522
2976478
2976546
2976547
2976548
2976549
2976551
2976552
2976553
2976554
2976555
2976556
2976559
2976560
2976561
2976562
2976563
2976564
2976568
2976569
2976570
2976571
2976729
2976730
2976738
2978196
2978197
2978200
2978201
2978672
2978673
2978714
2978715
2978716
2978717
2978718
2979288
2979994
2980570
2983680
2985271
2985272
2985273
2985274
2986586
2986587
2986616
2986617
2987485
2987486
2989515
2989516
2989517
2992859
2993321
2993322
2993672
2993709
2993753
2993754
2994168
2994460
2994461
2994462
2996189
2996191
2996197
2996325
2998595
2999058
2999059
2999060
2999224
2999225
2999226
2999227
2999310
3002848
3002849
3002852
3003238
3003843
3004189
3015515
3015516
3015926
3017313
3017314
3017789
3018748
3018750
3019074
3019075
3019085
3019166
3019167
3019168
3019169
3019170
3019171
3019172
3019173
3019735
3019736
3019737
3020469
3022035
3022845
3022890
3023460
3023461
3023462
3024143
3024145
3024146
3024149
3024150
3025138
3025751
3025752
3025753
3025754
3026121
3026182
3026461
3026519
3026530
3026536
3026538
3026965
3026969
3027135
3027138
3027139
3027273
3027328
3027518
3027521
3027522
3027523
3027524
3027525
3027526
3027527
3027528
3027529
3027530
3027531
3027532
3027533
3027534
3027535
3027536
3027537
3027538
3027539
3027540
3027541
3027542
3027564
3028118
3029739
3029741
3029841
3031064
3031074
3034135
3034415
3034416
3035960
3036221
3036488
3037600
3037656
3037658
3037659
3037660
3037661
3040599
3040643
3041010
3041542
3041706
3041707
3042686
3045150
3047164
3047308
3047309
3047310
3047311
3047312
3047313
3047314
3047315
3047316
3048763
3049206
3049207
3049208
3049209
3049530
3049531
3050084
3051537
3053429
3053530
3053532
3055804
3055806
3055807
3055808
3055809
3057965
3058099
3059251
3059262
3059667
3062353
3062358
3063151
3063152
3063153
3063154
3063158
3064245
3065719
3065723
3065812
3067697
3069444
3070635
3070636
3070637
3070638
3070639
3070640
3070641
3070642
3070643
3070674
3070675
3071464
3072480
3072923
3072924
3072925
3072927
3072928
3072929
3072930
3073128
3075446
3076082
3076083
3076146
3079036
3079343
3079921
3080340
3082390
3082406
